3.845541844716378 2.684916861597939 0.2581970167463319 -0.2800320028684603
5.043613895064452 2.2251469487239066 3.046754481658816 -0.2108401653901102
4.607752942110712 0.838728023264385 2.277156593150692 0.16720242315836353
4.769159289507218 1.9813343520943862 3.667066650542369 -0.1508006413664662
5.141415356533624 1.1830454855629233 4.550976324099184 0.4477401730591476
3.775452570184254 1.6759769517399685 3.032836864519438 0.36574916698904225
6.145081732369263 2.844026100477181 6.256212367733291 0.7392450812382783
5.216510386077931 2.739177878327719 4.1691288062326475 1.238832195705578
5.103812188898721 1.818349606734945 3.0646895474060787 0.23883684540823724
3.420255805460595 1.5193364956859199 0.8266191005758334 -0.6446822595453121
5.287533454230849 1.9569718416013293 3.6134486111979687 0.5196169853994477
6.70306085719003 1.689184563229905 6.062060012477979 1.4168697264382941
3.57206257007082 2.381452346577608 0.39440595524307565 -0.5247107911933693
4.092012816819432 3.214214822797886 0.15424690357330384 -1.4086043909331016
4.611884522182762 1.7786404689664055 2.549355043547219 -0.08945235200760515
5.776239836814948 1.9781124869972742 4.182636591882972 1.4094238135432535
3.8935292992800883 3.0303609747902867 0.7133585332214863 -0.5978780464613065
5.23453442922372 1.3922042235717367 4.646469118777438 0.5455969868768975
7.132441736469679 0.9442317941559142 5.849429091651883 2.0123130282524397
5.42799266635126 1.9001861985637345 3.2092428514016125 1.1098423940217308
6.305777593130811 1.6850218228789764 4.6976643976050845 1.2553684542984906
3.7732837275373807 2.3212816183727965 3.099616966998899 0.26267059350763766
5.152378469321262 1.6806798604125568 2.901978737878739 0.9023068293906243
6.772734969965101 1.281374913616189 5.308141748751187 0.6708442486672066
6.1403075976658315 2.565368296329998 3.2569690240932077 0.32243930200384585
6.072425467917002 2.3450417987050267 5.209067650686497 0.8968670289977965
4.763774167699204 3.1508974804520276 -0.5560738007775157 -1.2065413172452855
5.202150036254342 2.129421957534114 4.019038231646006 -0.3164451400347701
4.103985124640598 2.393510517644617 0.18178707603741762 -0.9246916812295571
5.6660679463054615 2.6475817492459752 4.742278994711012 1.2558111831129255
3.893862207023714 1.8676468234113532 3.4111207946825983 1.025531730463182
4.510484738052277 2.682258722988519 3.8376426117838833 0.4995918663736072
5.447476341947964 2.3384256419688567 4.226823975065249 0.689937015923956
5.21606122472464 2.089284043658374 5.471425509035695 1.1891549410977098
4.488058153851373 1.5058409411624591 3.063137266172289 0.9385994588173868
3.9122562530723446 3.2943856348082257 0.572087199566047 -1.4851507092942318
5.1728593161619845 1.9873442234380376 3.2624545604764497 -0.21450734853533393
4.117993696344417 2.142145732523744 0.752126670630952 -0.48716650625761215
3.364106204181491 2.430565753276996 0.8117465970443535 -0.9687057971492384
6.401694980745126 2.1032093332637434 4.0545087599195755 0.6321496760680143
4.533471343580848 2.6498653366778138 0.4049980393695187 -0.9278143285698328
6.871898537706204 1.564669988687844 4.8585984026356135 1.621842575517595
4.870587019978506 1.9971709855358717 3.720019663734541 -0.2648997159422859
3.548423294691065 1.9219590770458033 0.48471433279919396 -1.2904751062940718
6.357519577742461 1.737373499893582 4.860133572271058 0.6009513191143241
3.8082145550019124 2.2594731504411447 0.4511535899624872 -0.47380047433248823
4.26548002064172 3.0958980033831636 0.818819854326315 -0.6130971982495761
3.1140973362042086 1.9205927192882544 -0.3623975255361449 -1.372924615482513
5.341209327208524 2.2014263582844094 5.062624696868726 0.3379041786746644
5.372153210664498 1.1521186753267112 3.3041372117710734 -0.17036162116078923
4.41232305087459 1.2379837772763596 4.765853385566743 0.8947587575267217
5.418222044539201 1.505755773840689 5.869899395786234 1.318508824731419
4.237968150596573 1.821207193326925 0.1188058461068 0.07336801362911205
5.042904914940922 2.2946764568638223 0.9213692422259994 -0.26119666086966464
4.834146663547298 1.8171880195636345 0.05908830008424526 -0.7658024109965299
4.676382278070578 2.0434825794311795 3.094483833090718 0.7961748880636326
4.758375427977413 3.4101883497612167 0.634031009003013 -1.0200446496836526
5.830962848793355 1.9519937300669616 4.427160532752175 1.224780636847524
5.339240808331176 2.3039424755859605 3.256215341557288 0.5643969446462479
4.643617332187927 1.2941308835692868 4.558273068725567 0.7042106720408023
5.545556474615789 1.6807202188352808 1.977078921494022 0.6214955535855713
6.299439812037905 2.9362344324686314 5.777458111542927 1.3258653615561729
5.489206369828741 2.1956329314232415 3.986899927337407 0.5034900201725481
7.132050712748609 1.8229226425986111 5.1054189173777145 1.7657814449214335
3.873076762860098 2.843548156795774 0.7643474180493239 -1.1788189184880429
4.98689994453963 2.563193785129366 3.2797585493488564 0.655812923312055
4.54553487019003 2.9877610886546813 4.304135961103572 0.7093925144890358
4.006452572021627 1.4103502500994425 2.468424274112 0.2541741763436379
3.3489701186066005 1.767112304518294 0.034320634066719924 0.366514339802063
4.117345755628628 2.2925569297300914 0.40834013373112943 -0.1328074495229627
3.981515387900879 2.0479757529499243 0.7622251004521918 0.2539525789326923
5.599584762618087 1.7069889581460433 2.479057640804134 0.09480545141673025
4.896141480074333 2.2150825926479394 3.7689801489118 1.6123402954719526
7.068630201741101 2.4448988784310126 5.162854091330724 0.9771808453970185
4.139847346088145 1.4871443704784268 0.8142953124229383 -0.6178104610382353
6.047388758196482 2.6006872186260708 5.220027137358004 1.3800133262246201
4.4603654594242474 1.8344713977824227 0.5948259891140787 -1.4450745066343569
5.154343314859904 3.360522736317862 0.9064465743045439 -1.2308260861229823
7.449975239834706 2.064757103073738 6.057119227394749 0.9408374735532758
5.063163672760619 1.6702519007152865 3.7397936921636674 0.9247065584793264
4.894491758869151 1.8863718634763282 3.175392758249211 0.119379144483166
3.410830666343598 2.229662327427976 0.007718732979575815 -1.0992802511896638
4.493605522565292 2.0870630118822593 0.02670387917486261 -0.24512310136114274
3.77947680475584 1.7399056763013439 2.870143907667387 0.7377673714553171
6.22499119835839 2.4752064831976153 4.369354067919794 0.4125889597086263
3.8329116340957383 2.455733075870655 0.3155553278437708 0.6367291526684122
4.727631521045298 1.638734367629655 4.7124362835264915 -0.04464835702441716
4.418108693717963 1.972244201452008 0.8368886223072554 -1.5033783663299
4.297697897732652 2.134419530513862 0.5231869137345021 -1.2334065318335374
3.9961219158800447 1.8961290774958082 0.41445416156213843 -1.2484929479946325
3.995403837057266 3.1877612328802 -0.41336051532478013 -0.17098074325931106
4.361377952883534 1.4280644164163425 3.2020345604728613 -0.7380103471267221
3.959339618696799 2.4207996371165885 0.968594920561212 -1.16412529493221
5.561086791988071 1.4879267707696107 3.306768745491646 1.2047268254375139
4.597758977558296 2.0744207380782664 4.203287862562831 0.6227577891525475
3.433667510323619 2.2610879330838793 0.3617700630596512 -0.9749209710772604
5.212052851652509 2.171448430268649 3.943637591603255 0.422245097963037
2.6725407499160365 2.0606706996578437 0.1482062309031722 -0.5557358912625197
4.748917328398855 1.9336246231569456 2.828012507287691 0.8271789892639954
3.5062543604492893 2.6676922097119338 1.753343547282802 -0.27250665022287174
4.351484548099204 1.9500054201737385 0.407558328944869 -1.233278323698421
5.532211817387392 2.3289485160551067 2.4237403865759246 0.6424060707084404
3.7041917571813485 1.3194019024281527 0.8539145454180594 -1.7570385811963722
8.461559247774144 3.102827673858658 6.032380266265477 1.4899784566194578
3.222351417508964 2.3968197739345256 0.2265299497442661 -0.4231912561547205
4.48874448367223 1.2027998985331534 3.38000564753514 0.4312285052943743
5.8539624269060395 2.174869289165441 3.3665887196649935 0.9777680560776498
5.016204665189755 2.0246129939660156 4.3196216896921875 1.358378699386796
4.068952758381324 1.5025041722244277 2.6092792968582033 1.0331707672549713
4.9311156375112875 0.8008752451904311 3.262027278185565 0.19785108485367153
3.415467289991692 2.4156431558871545 0.6185808680540421 -0.4529642290201163
4.782641592366462 2.3536203476071593 5.008424376605249 2.1049070797110283
5.945229766043815 1.750276327653653 3.867818904601276 0.11489355781331634
3.905325723639854 1.9479983299975014 2.7806823319009677 -0.1223496682192673
6.499236322464172 1.720818828888917 6.302702096652449 2.202663562028423
2.6027048057778503 1.6626827232399926 0.19159921844152272 -0.7775585071888158
6.190388306716735 2.571378215122253 5.058559065472369 0.956513935901719
3.8030253215150025 3.2862652176089586 0.9332769653698743 -0.6180775664613186
4.259047826099462 1.250335899628583 3.373042182625286 0.011408469387667042
3.6969607282475865 2.4842671458439836 -0.3505047539892696 -0.7880962779647014
4.280162467443662 1.6336417274999087 3.054741583536051 -0.11829292587902729
4.3466130636633915 3.083067111073886 0.16679838752402376 -0.5308767635786733
4.959103118078875 2.1534411648999137 4.669721951657936 1.1112746764268477
3.3434760603777924 2.4380007391533303 0.19823600546451225 -1.1436163521768117
5.735355769403298 2.165598516293045 3.783120266642703 1.5352951083647577
4.848416306493573 2.5783803112266415 4.0250120642808085 -0.49028076703844947
5.816208909067429 1.5692722756143367 3.32026179487319 -0.027389741838459436
3.662060318907974 1.3318779722589058 4.64197452542363 1.2892063676810124
4.052006638879388 1.0905312220730412 2.6291644740989506 0.33456094770744427
4.466992732153894 2.0180762746453174 2.8595270519528397 0.09137010497112241
5.546197317982283 1.314488230064272 3.531651698726196 0.9204475694513607
3.4827226291889604 2.813568544702188 0.22252050357752795 -1.6607787363116338
4.434129828333742 3.745709498208737 0.5510632616409741 -0.6223059213140516
4.235092362428222 2.9228548536683108 0.3981536829761029 -0.597361101541263
6.322702185655737 1.196395940182036 3.732400464431609 0.7640953264953951
4.0388229853268705 2.7505223907821823 0.6499283563739198 -0.4503195173651369
5.188551184287068 3.189389156115231 4.158911508343928 0.07175895485582817
4.6608110629750525 1.8665826560679755 2.9857022448561104 -0.29510019960041656
6.006920458950368 2.450766317057458 4.077228907122022 0.8295483840454297
4.310233562933185 3.124291487614359 0.9115682648230247 -0.39308939329997533
6.110954279254 1.5835149113713078 5.389273118610217 0.9389947761266599
3.480151095803384 0.8388821461524529 2.298348336773333 0.26096963129291384
5.848134586448428 2.2372608140430605 4.576716222212303 0.65107894167251
3.350522655099718 2.497996678331732 0.8549966140571912 -0.9398437337201581
3.7838596753672444 1.7158835558157541 0.6468465407298445 -1.0863038078411635
5.472872856935103 1.8558695561696599 0.5687284162891356 -1.950372657156559
4.20626709198003 2.440943690915056 0.7240236024780544 -1.4189560112762147
3.533717937292055 2.2115017703656297 0.9496983834740181 -0.6543490311791362
6.165179082674785 1.4012453836685892 3.763794430779966 1.0066210665433593
5.094256386939152 1.8976921093158545 4.876310142541435 0.9212038498438464
2.940396132508236 2.3046138977732094 0.9117885744972178 -0.9702186982320782
4.869867077114508 2.2520743042169427 4.757117094883325 1.4629160842064173
4.225075681340227 2.429596389739852 0.9162260978434171 -1.685425238956874
5.770892495553708 2.3495329223116723 3.648123939252718 -0.09448790197190338
2.5734369384363145 2.264074975579414 0.2697850633069925 -0.40229976532961337
5.237685905583165 1.3396752672878791 4.071109124377428 0.8767576881545169
4.325714049983573 2.7891506563879407 0.2473009739174834 -1.2264417902389904
4.633388565222117 2.540310095998212 2.8824724897036282 0.675645386737385
4.429494598916187 2.4879969630947913 0.10004885355023929 -0.653028260344884
3.5285990600299457 1.6649338646002239 4.152350235098562 0.9760515233558728
5.729199492492423 2.1424850211962028 4.01819096357249 0.7848551683547775
5.447889123076698 2.019459171637167 4.050977371969509 0.22741322578160195
6.044855989503012 1.6620343846880639 3.803182357367888 0.3527952123004321
6.181370967278705 1.576165739449538 4.958160138357493 0.8270467960353538
5.219349212918417 1.8281611435130931 3.6976945142436444 0.9179247588404518
4.868563053257182 2.9501722802539327 1.8808337960673427 0.7058782863550052
5.796659002630891 2.0123545922940815 5.473002913932689 1.1095350234211367
4.840984298869147 1.0077535568554727 4.014473604086843 0.727235765787936
4.3915724814883585 1.7755830109777486 3.1499468107362896 0.5898380749787325
5.0160944872286874 1.9300664240373298 2.518398766774446 0.24881913221922536
4.5005491566365325 2.1979855536242128 0.36636090414169964 -1.3231891682121366
5.530445999088972 1.5081103334117083 4.648884264148462 0.3831402484017894
4.070393451064011 1.8792258254286733 0.8712740509543895 -1.7380280039823948
4.433877270459523 3.2922582700610206 -0.4596045247689211 -0.05131683253713776
4.1054878621290865 2.337307868052852 -0.1815620898796153 -0.9665580045512236
4.30915999246281 1.6771914240118542 4.781256642208329 1.3919481220787433
5.263884508325951 2.8491991685873574 4.066514546943978 0.5318483245770032
4.189723676822606 2.768220917930252 0.14449651295207833 -0.6401572646093828
5.139827420374491 2.110408770147326 5.924017303762842 0.7280592709467588
5.162848252385659 3.527437044091454 1.0464915925201939 0.027496768174873343
6.754177812424821 3.0655918502888344 5.211881564373942 1.385515983970533
6.154310492068569 2.290945854846923 5.1561155813813 0.40844425245285465
4.013875945663806 3.3017589788344752 0.19276356554132423 -0.8735411243072648
3.8574569834549437 1.870715925524056 0.3709560631626474 -0.9541728965081335
6.290408580145175 3.048587083071433 4.77503492509195 1.3262212993392009
5.977965020602625 1.1182703899764754 5.165130493451877 0.4079010578364459
4.1291627428640965 1.0396027786575819 3.5366166503422134 -0.24050116068456262
4.658853012678164 1.4001782288354425 3.740374046991013 0.7912652862110905
3.8142515780939554 2.1558774863403696 0.17541749227478642 -1.1717227413672988
5.564106136425536 2.3039328256058784 4.4890468029068336 0.5684394837508568
6.388157795200868 2.395682833793699 5.250181035453137 1.9361994375080962
5.75151228970247 2.167347926634819 4.3225557330164115 0.22534744022751196
4.87072992017512 3.5763385911533567 0.3504948313784173 -0.6181965728356227
3.327263762057953 1.843251985376894 0.5178102907831716 -1.3259873052414355
4.588609076854596 1.6790125781952505 2.408810708616215 0.4490195194014386
5.793989870361756 2.057545386062884 5.175345556674769 0.8061727850318412
5.110725200007658 1.4129143580439072 0.07382602334358568 -0.9304323606798542
3.9040622878335114 1.6029360775020602 -0.21764906939150208 -0.8714082714924907
4.1297619989511904 1.085460158946789 2.7399377808608505 0.41965181280063735
4.4775736441677685 1.9229075715744453 3.968667472371957 0.4677250731192253
4.040356473616079 2.0314327547042383 3.2570411541563846 0.12571264614834976
6.368877377795468 2.271464028761117 3.9346846728455773 0.4839222083840041
4.277293048638613 3.1428215429545467 -0.3789196975355593 -1.3436165712502437
5.280080458706589 2.5200023299543277 4.581111274206159 0.11574453009491115
4.8448695613940185 1.9038365436869873 4.902051377757209 0.8323018254081391
5.407958826742865 1.9163890042810259 5.134502813705409 0.33279611698596123
5.965078013151546 1.6185231017546278 3.846920729244917 0.7623740370351955
5.054470659279673 2.470192761573075 4.293257685777196 0.9174955688585218
4.334681563856669 2.205923107288663 0.33089803552523045 -0.9596351022005034
7.029568774230323 1.9475907839369198 4.144220945350087 1.2192396459437738
4.149976409181773 2.4982449693990882 0.5871332407309211 -0.7167571109155069
4.741136578560743 1.7257568180973335 2.282848086343109 -0.8878479071848697
3.6630283192894857 3.0538432726164872 0.6110450845729614 -0.6826050060534472
5.782110627920472 2.7516220626983525 3.8136348836796654 0.7399337641616666
4.511765664674395 2.222013763934353 0.6266138103865353 -1.1122782449523574
3.7720051070673364 1.2929418802818726 0.5168209674613827 -0.45171958916069604
5.6020477722698185 2.2533104224854843 3.937040952389998 0.8667430633197226
5.064252992840131 2.669259563820927 0.7227695888190624 -1.611075490194312
6.233029626652987 1.7470891949332945 5.026740478900905 1.3275506209223247
6.48581629800702 2.4195726125105916 5.162375432486673 0.39420777809057483
4.096560499093284 2.6669419985561365 0.14071357499084547 -1.3829447001959465
4.726783523433151 2.0745266990077305 4.012004689951654 0.3227722550039491
5.145045113655078 0.8054556615801851 2.293355620436947 -0.1076445441501952
3.6336590896221463 2.8128011482375967 0.03377939746003178 -1.2370905227308733
3.832531012509363 2.833817383471107 0.6771050455943181 -1.0623419390100084
4.616761879177218 1.685102652407572 5.301691060985382 0.6836020855823333
3.3510071734161584 2.7113738476228297 1.1577016379216545 -0.9062867572029832
4.420599233759625 1.8698242870314066 3.057285291969064 1.0687567632634225
3.0207478397198217 2.9353769732785735 0.5533538192310422 -1.0757752841309751
5.420422516286222 1.200007515815458 3.7298807515735515 1.6043200096072503
5.391786147002456 1.7836027178922012 3.821649217605029 0.6171616249757629
4.251554246031393 3.440024710061363 0.5837806927790723 -0.698052081347786
5.271598997909979 1.8144858804746078 4.300406561402696 1.3985855295677796
4.718155267856304 2.3457714884447216 -0.24234660133263586 -0.4776193643564019
5.437809285231187 1.517726186678159 3.2994289188063703 1.0289542029327494
4.592466726861924 2.5022927201996783 2.0745365144974093 0.8364859886841697
6.052682410615109 2.5594711364588156 3.059238292077309 -0.20870237882346854
3.6376547333759994 0.20077189432923892 4.197737148435154 1.218225101239971
4.608799449576205 3.1599626138102064 0.8464192143997139 -1.7799300566296605
5.944511917368225 2.033111604871206 4.290422846101697 1.2386059027305456
4.337288050664583 1.4694523138031708 0.34948963539163325 -0.6272791060741705
3.89271078129108 1.90727132433715 0.258489156273088 -0.5391087995342585
5.597255087363809 1.5222072703054903 3.967179745247568 0.015855176243907643
4.718654099812035 1.7875702826773123 4.0375828475269095 0.463926485093645
3.23497274054706 2.472352644681736 0.7836545807402283 -0.1611897592744284
4.555143055953309 1.5285565732383706 2.5376346130628344 0.22721584462687372
4.7920320682252395 2.437392375275942 0.20264315802030752 -0.9652467184262654
3.7716329540209528 2.410058514604604 0.1976814717795703 -1.5732062100626545
4.86458513850587 0.279728651595438 3.1841256549996384 1.3863483257586584
3.977407650886056 2.0197870129438464 0.30735134507010553 -0.9017366305489788
3.2053421098031123 1.0956990645459972 1.1856433179016945 -1.5132436224535064
6.904998315829493 2.2254856109838244 5.807064708160769 1.4047836702864571
6.666776721062321 2.114717378468696 5.391293310507175 1.50256360348265
5.976248993158624 1.3785428359937408 4.829194804920934 0.5801344324836175
4.851427252286168 1.4380812247239132 4.572373921701548 0.5493584019177551
3.205195496852702 3.226828044874382 0.7611259557835759 -1.337389554145698
6.013214632274491 2.5075365795383497 5.034693254255101 1.408672667386704
6.404540736950022 3.1513997644142475 6.070985802274826 0.38365224344863025
5.144490908411143 1.7033678015210016 3.28871204238703 0.4876543622965166
4.659135767057622 3.396698358723711 0.024118461595992624 -0.4055580849181782
3.6310316615811855 1.8311580099384726 3.238998348660354 0.161849991794762
3.516930392985758 1.4861699061074647 0.07132330503530415 -1.3356827566310423
3.1699024896472325 3.1136293549163354 -0.12053819293424328 -0.5624020448104086
4.2742431746771405 2.189646671322384 2.424632147625135 0.46806449547950657
3.6404297215544252 2.158537531452284 0.019663429804810617 -0.873251246199088
5.366069992469788 1.7999846459789026 2.633585521825278 0.5060500534037653
4.714199244346336 2.694090606448833 3.621328629422469 0.2791302501682722
3.9750768937728984 2.3250516308116094 0.8540002390021193 -0.056495560730643046
5.879195726449672 2.002997928704418 5.305808411822918 0.7337318262329324
5.304570987628023 2.4498414728823863 4.094575655254005 0.36817295302327113
2.894085376713017 1.7487553065667356 0.7113677198835715 0.3646399967161573
4.161616814274279 0.9304079865641552 2.236980903014464 0.4577994635737004
4.058476267740154 1.8015296731537525 2.541303945991083 0.06316285318391679
3.583505481091659 2.837076755501785 0.36681055822827613 -0.7893655258474281
2.8427659980469224 2.2413769112403 0.8548744410626629 -1.2822128552931098
5.810803404981639 2.2291719289718723 3.41547093450364 0.5427374434423329
3.1714513016874446 1.134356002865239 3.455326411632451 -0.11824900052406773
4.565107878993136 1.8318041586302325 0.5917629568856193 -0.2833593500104265
6.438017179649185 3.0449640378790104 4.713868227005167 0.5701691424466435
4.321299930551799 0.9021334245303023 2.326071304170665 -0.8150426465388585
5.82265821742091 1.9909803159598864 4.263581537894281 1.34377030545741
5.122595022022058 1.2622798488006746 3.2721246338849994 -0.3938591377037286
4.873088767631391 3.105653845811374 3.713741347563007 1.333765656103063
4.433210565157258 1.775830909947575 1.1677210874462909 -1.0417178538409746
6.215498640701885 2.6876274253381154 4.71930437453838 0.8726113403342487
6.515690983440315 2.7108037379620087 3.3702966736500017 0.24962678438435626
4.384360707099997 1.4943687565221562 2.4102855569037445 0.7734006797376493
5.516191214043604 1.6561830484917222 3.2490775068820255 0.7468175276879078
7.347082151912808 2.0550750549101715 6.459841696137254 1.1842429814307522
3.894557552465195 2.5840212834713747 1.0266932979668457 -1.035341085008455
5.362008000680393 3.01625485874556 1.0135047889774955 -0.5300503490258197
5.058389991542207 1.7602750581245576 4.582485549978326 0.8310613303403772
4.970934816448802 2.3343499880019505 4.121052246995521 0.4786604556789652
4.013230265671839 2.4867565960101974 0.6045306430648449 -1.0707598146487998
5.133321283337971 1.7529661761951232 3.087968480385812 1.3225286911704215
3.3695665002200528 2.795666571779318 1.2146126337478091 -0.42369459790156394
5.332777538674368 1.8864075608656523 4.4204924076313725 -1.0905541754487849
5.0496989487245685 3.1082197963281115 2.9744613618451545 1.02757151879721
4.863166649062044 1.6495969712578886 4.544310838979482 2.11431869449305
4.2853267290495625 2.2088557552242367 3.324443216055843 0.9235475357240239
5.616558222593558 2.0099080588163467 4.3120835136601485 0.6516532619999449
3.5848216178620613 0.7313087539991665 2.4598645554525724 0.4794339443581592
4.021183686227239 1.2629206888617206 2.0408316758104625 0.024651651614114645
5.4288074038768395 1.5070628523605656 2.7263162317480867 1.1482421175040018
4.777117437276265 1.5442945608310004 2.8336912010966895 0.9132137445237734
5.054645251463714 1.8427120133987822 5.197455806717816 0.727751812629386
4.037469786207785 2.237255651857261 -0.04265370367978716 -0.3229123329740066
3.9693504300545257 3.3323768327049645 0.21779384464266305 0.4398759060476042
6.484999709766205 2.5368650060474387 5.657512132516345 1.4962769944309944
5.871780009770428 3.0641721368831987 4.863982524161008 0.6135959511840683
4.402306332915879 2.505362538401206 0.6416552213071303 -0.671972464034448
3.6045754821842646 1.3605991533512283 3.7871310988188305 0.6524354298410108
5.033493335591711 2.418376238423657 0.8849383096039294 -0.6609703195668609
4.469457945825838 2.5133739906189594 2.3378840379921417 -0.36940068861495234
4.7646939194164055 1.8277110137454526 3.172776101492804 -0.2781936419649258
5.252234200312277 1.3127720091380854 3.161749610336539 0.40066800057870977
4.330930481803117 4.277960331278806 0.3432419763869947 -0.09771454507311794
2.812893740756906 1.848487204252125 1.134363985970933 -1.084072847433281
4.9668086764455 1.594597122207165 3.2158609157326064 1.4210307799720021
6.322638011213632 1.6988232822039047 4.584355506677195 0.4891680960660556
5.791098770082542 2.0263369960801043 3.1221755433572778 -0.265868574526795
4.8795066025762885 2.253314953158803 4.330222296000977 0.9415602982998175
4.713959774261829 2.4560821514647477 0.11459414010675517 -1.0605601319665723
3.538376324911651 2.035302175616588 1.2601139907863457 -1.2640119423656857
5.794992899670516 2.9112266719569067 4.4288589425086915 0.04997030209000952
6.123516741179679 2.798158214298186 5.769762553258726 1.6214155582230614
4.266476990749256 0.8054674612770438 3.037360548866652 0.4703885436342685
5.061841408329097 2.824497924341276 4.695637713615527 2.0284360112998012
5.402718725086335 1.6299965932974536 5.5273879823626695 -0.03994335002331617
3.123515695675098 1.737871653967933 0.22650988774025094 -1.13077418481024
3.903106309729148 2.032583228739906 2.0749460409268172 -0.5149250738003364
5.458761115460327 2.475728200294882 4.629949668793914 0.35494400483234156
5.84646693829829 1.371301654042889 3.897111958706831 0.3099278904192835
4.69782218329352 1.4674285033213512 2.3404854479792663 -0.3001085863168613
4.713167655894404 1.7312115400484742 3.7671154002100495 0.3931224248282066
3.5619104602379057 3.682145271675035 0.4715158509712667 -0.8836969358655758
5.506446672340817 2.5339055056372044 3.0247426417964074 -0.020991582202499526
4.822911542324458 2.913619365581234 1.009943375893978 -1.5020559466808214
4.318880958410386 0.7928721447896725 4.510705741132895 0.14778499524064426
3.3709097963374255 2.6436015913369597 0.07203740080416221 -1.2845458064234854
5.222632441867354 1.836473986323535 4.084838837513987 1.1707571567919852
4.076646454717149 1.6820132077757077 2.0649151715967182 1.1398805040056037
5.378488373233716 2.319730447286861 2.696543938376582 -0.5578033418305566
6.1907560760635185 1.5380627198154975 4.2130535281982375 0.5843453409573356
5.063839715684668 1.8186478470699998 3.35546557384932 0.17041370413571144
4.126110637944907 2.6263018222432137 3.9148226572857414 0.44301984723225707
5.990079807680563 1.774261605961199 5.058281451344367 1.4367694911557805
4.062939760705593 0.9627924763599003 0.6476426735988464 -1.0502030218258656
5.7112550672773885 1.9876740084911195 3.8277230036210286 1.9577903919634936
4.451994578653979 1.23243676680991 4.084710100317909 0.7716730897720955
3.0877252680123455 3.1037199684121948 -0.2736632605589311 0.017216455173604206
4.992194952376697 2.118281549564964 4.164352640892969 1.5370105437831194
6.7084017792655475 2.8134585831216063 3.417698549477655 0.9823003398898682
3.8911154382816457 1.555212793199686 3.285236701072866 0.30922281229516546
5.45689623904525 1.0425600705259104 3.788699842015766 1.0310675230743698
5.102229592896607 0.5866693969671313 4.030563579287564 0.24014884657151714
4.340487343315003 1.1386214980607705 2.7653251827615724 0.28079451825787105
5.198820570532209 2.4801551700843523 4.630201724952542 1.097949598256127
3.8604960235077277 2.1102987706445697 0.23725396017394274 -0.42352336372267313
4.917720985973972 1.233869380723302 3.2298091751035245 0.35947725873994374
4.9439483813575285 1.7176288902696983 4.929404822548777 1.1433675288103045
4.112020652170596 1.8768486509666875 0.5948459046932477 -0.24217676042809994
5.344883496224515 1.473085992211641 3.332400085215541 1.0239737456037585
3.5751298366149458 0.8545258425018978 3.4228096241098855 0.14623879185744038
4.803556549366547 3.482080443271572 0.19071133996721046 -1.3146164939445006
3.8916949923071966 2.0159782237641632 4.032014242735024 0.26488180168564535
4.154903349253878 2.4058033403296815 1.1696467193579134 -0.6222517871413584
2.9837732037843367 2.2516098641732802 0.6094724204484692 -0.7740754603937556
3.4175494589547957 1.6686647229417677 2.4920031022841296 0.30474648363318035
4.748738341812121 1.6877669333485064 3.6307223736423135 0.7550263808549043
3.4022636772148087 2.352576299073902 0.9890240110957862 0.003719023820194123
4.794233173791864 1.0869970893188445 3.51873179253441 0.21752776819920627
4.1910739384937346 2.4987238692867195 1.7949503144526973 -0.6759476121040859
3.9148554841248515 2.3042604728307117 4.129598645942231 0.2496869348648969
5.139457107378964 1.751476549312698 5.250932416040964 0.7732342520468458
3.2163250541951545 0.7003913438817349 3.5019778563359605 1.3238767779128895
3.495240631154874 2.6280853633918753 0.1980450133287277 -1.1560833448784784
4.51001239913319 3.164732251607745 0.6560842398997931 0.11075039490405861
4.110249936983046 1.775748708692961 3.1476735593714356 1.0929883286726225
4.487010595852396 1.9247709947374427 0.16821816157353808 -0.658556188728158
4.526039914362719 1.4142477218015148 2.558975644102555 -0.2975909391862581
3.402890053513547 2.197158921090675 0.45856070324463793 -0.7272806584742173
3.5856294547318552 1.893104490339639 0.38554113625490816 -0.7308646720358531
4.524971631554454 1.577016855523852 2.356377145117455 -0.4976358240954961
4.316517098587388 2.856762002093334 3.228950512134932 0.11949503989163324
6.798920721764908 2.1553133835801375 5.150898063418021 1.7801665026169506
5.519962506648946 1.9821485507168117 3.5047294080201885 0.5186587510245758
4.6374171607627 1.6149685566901808 0.6724750244856423 -1.1598227880053262
6.6114753333848935 2.079404945260438 5.270275814840341 0.5145772259315282
5.516697578735027 0.803639285449167 5.363918998135048 0.2719049557625437
3.8255746754172337 2.4514818028336394 -0.28831648975036495 -0.2625909458920182
4.9880695797763295 3.055737471953151 0.8316642299164205 -1.1547572172141611
5.4077477365659234 1.0599698553219423 5.025000951725376 0.8055794421490754
6.351785393501753 1.9373941337452434 5.081090380608691 0.7689785713768638
5.331171587723794 2.3756587706517207 4.803653177675792 1.7184510952436705
3.3362547639089093 2.6658714864739474 -0.15066173264597627 -1.4500370480046112
3.905986298328076 1.7400075439149858 0.7381912499969168 -0.8204776007022363
6.030442238709984 2.2346297841576557 4.458173078882596 0.06748369997073267
5.263709346732398 1.7508020058550262 4.966773265060185 0.21170125358322633
3.558641842334389 1.9791177769708874 -0.3255955400835324 0.14932128879701634
3.2623034333379253 3.336193655512101 0.9459327887393473 -0.7834684590914459
4.357156240997927 1.5296708823531693 1.0877671707511873 -1.5317852235420832
5.9479853262941065 1.7733292070286422 4.465814572380836 1.3875584742996048
4.027558720207049 2.936509352586959 1.010024797141542 -0.10404264442919214
6.217077802963323 1.7255749650761394 3.6169391541599474 -0.13946808937750843
3.6603608939581065 2.598987243065202 0.744741290552029 -0.9736923783687501
4.116384306755613 2.948500610723925 0.6151954354612928 -1.3565510905880953
3.89427475032385 2.803044671124599 0.7550785477227994 -1.5694378076740714
5.189249538093443 2.1351278257348207 4.789898958030442 1.6529062455526748
5.290906539029801 1.8217941051317588 4.619250199660209 -0.0576270746683436
4.502327236124432 3.1964404296318323 0.15381318672939037 -0.5890212343162755
5.70403047326915 1.7594176397338572 3.7470507639601522 0.8338526545162044
3.780458710087808 1.6547585376867993 -0.16324904704495058 -1.717653025782729
4.374201236332844 2.1314777568256833 3.751307623509641 0.9544464829400987
4.661669854255788 2.8303046320224348 0.3375606014306436 -1.4319844842051168
4.46225585065934 3.113614309072089 0.4152870406100835 -0.8709909111322798
3.9419861587110847 0.8291565725525953 2.5806516485657474 0.22455936395657006
6.034131270717899 3.1422162621768512 5.291584896808932 2.144438092338312
5.162014132580017 2.139252880020816 5.11013082959635 0.8674475765686487
5.500149609597504 1.2029961730059326 3.937308939948019 -0.26931733211386377
5.864268662711483 2.5188478830547902 4.3499031512719375 1.2593743220669666
3.6393611888638207 2.838140923473582 0.41122062665921155 -0.7386515604700634
4.5458232699507 1.0837695332169797 1.9387624484553863 -0.2727743760341612
3.989547955479857 2.058586539793598 1.3333213720607655 -0.4127615714027537
6.146564229367826 2.1882841967838482 5.634836328039248 0.5247782515293584
4.340574416687376 2.652189997353625 0.030935890738919003 -1.1361033076409766
4.6523003001645025 1.6252226387974669 2.6900319015024783 1.0946566927547705
3.650112340140226 1.0391036935030464 2.7146235846133515 0.5130987797460494
6.531598614383113 2.9675396589045056 5.587337396260677 1.6919152073605928
3.5329039597068785 3.280171568471995 0.661290657242631 -0.27857969987893805
6.620117259619079 2.8411348285893885 5.1178972731473795 1.6481634089178814
4.259237695939872 2.7320011009175955 0.948676218859436 -1.4084709115320566
5.151968353651921 2.413215167968486 0.34934164230229303 -1.1714171033269056
6.115498747832531 1.7022849466018535 5.038308816449426 0.13130605955233188
4.973671942239696 1.5700777941102981 3.4867419843077925 0.4721234929765252
2.705882772181015 1.3167422345763713 1.189640489380208 -1.848479249006319
6.196492739464443 2.7794316457606247 5.4698064311161465 0.11428860914088657
4.0890714018390995 3.036256383753392 0.3290872567544325 -1.196063006024886
6.1998574199187235 3.3867722222463175 3.0061369050409814 0.5967974013647414
4.068762682636332 2.6201105975467387 0.0722723906097762 -0.7069034439560513
5.6652731665995155 1.8457444737614914 3.817642946397865 0.5398798799895035
5.935464071815253 1.7841885666555437 3.539030905228448 1.3416189106504706
7.729241825524874 2.2115788522510407 5.772141052793227 0.9944301631687886
5.350857311778173 2.837123723947477 3.2191701873625407 -0.10176915665910302
4.3129660826713945 2.985876382708015 1.2126446289058233 -0.4854909690472124
4.836257020040152 3.456205783518421 0.3760926803490565 0.8803715236869195
4.348983629895741 1.6387025751667312 4.1238798145857185 -0.08905849701005764
5.290662840050776 2.4621605518310012 0.8735283655027641 -0.7401832274466343
5.198377226365728 3.210914275013156 -0.26066034666954163 -1.2648797644939678
6.04619658773615 1.5097559172342727 4.797502340274805 0.2417129803989897
4.64959355202967 3.0654268126923094 0.48738139635281263 -0.32138060139662794
5.351346389713807 1.4232851256037182 3.772613975445727 0.13996771695798293
3.888102806679914 2.106311174400073 0.12082231135189092 0.08044848353230577
6.648406815463519 1.7229332654556875 4.671182085606898 0.7313135684286243
6.201911958227337 2.2509198091800298 3.5935680985172147 1.2761816863421613
4.615224987730373 1.9429411756353479 2.3862691473775053 0.6274823449436799
6.296908897615621 2.2799766094938123 6.21209369743336 0.3775984531762733
5.152761003736936 0.8289058921913699 3.5323461407230567 0.22546477104216534
5.573706086630402 1.8471936441531132 3.2989153105465565 1.6087263360705044
5.326906851792518 2.746094786029642 2.7491179734996507 0.1263852681380475
3.5397988437425782 2.2357239464126426 0.9507334718159411 -0.29097170174791526
5.61915939462687 1.6909738525261044 3.202679186274567 1.2505179089237237
3.5111432389004955 2.800418758264497 -0.09269537392676463 -0.9070991543386079
3.7040005283166186 2.1734601265374636 1.0063698307267228 -1.1236640402499734
5.4676586517392405 1.4176329666913237 3.932483177851973 0.18220448166058922
3.7956750605382688 2.422126713532629 -0.5478520532518285 -0.4423585069812958
6.78228825614037 1.7291411587028063 5.8159940897367965 0.916828630485151
3.2871894126990826 1.998945855495828 0.24218216440174456 -0.8701925131114188
3.317260837458317 2.132480936883605 1.1356058890466638 -0.27736405490207716
5.555375002623173 1.6415208771459802 0.05892873213154459 -0.48149641699008233
5.372524592161617 2.242099954224741 3.9971167427617473 1.1328815020327054
5.60887895057097 2.250953450508142 3.8076283250179728 0.867631077307644
5.277321058748928 1.6828265501835973 4.4967453405788405 1.404302832176669
5.284512429565562 2.0816145411789435 3.141288492113303 0.8664054840354343
3.945316949943025 2.0877022897749207 4.200794954069893 1.2662431387057402
3.23743756386379 2.604492535360174 0.9769238685645389 -1.2494637978271914
6.650517614154969 2.32418954228413 3.6058255862673008 0.3667184131822996
5.3634123194028245 1.4862978211831976 5.477215000932098 1.3686680587630384
3.544017248277223 1.593549620522 2.5709290815043317 -0.8987557087212796
4.649635752299914 1.8863007001907002 2.8519548067365363 -0.27819016879599046
4.213638199308778 1.890085790239762 0.5826861554642754 -0.8415598204736943
4.190156640372733 1.6697321676338126 3.55540153279012 0.6083760255761022
5.761702730526391 2.4791202572512376 3.554350564542536 -0.13708985306838217
7.391006544123232 1.205667101387327 3.6674122124545185 0.4816731405993957
4.2456806137852805 2.2752921099428716 0.24944441617736324 -0.8533749338853888
3.6848720383196976 1.040661021540267 0.582867200307861 -1.0062210902648385
5.281374041753503 1.3100941388542864 4.071838964229866 1.4313581474220438
4.355119729961813 2.1873325102161423 3.083407693726966 0.7670806091191528
5.417768370393863 1.3652277575563796 4.195595635356296 1.4985751288787954
5.625648846342281 1.2411104786907718 5.130912360078882 0.5734877544454093
3.059760730376717 1.9770563968434727 -0.7544622307451094 -0.5682651010524423
3.2369822122905294 2.9652052708902046 1.171364211541742 -1.3177174139504242
7.501816183057976 1.7901233821451177 3.587057260485122 1.6362138630952852
3.9583226985322497 2.6746381025888333 0.9984083350701183 -0.3718447600511569
3.6739872716290467 1.2971933615431155 3.2082835344449285 -0.27852578636460756
5.201107292548361 1.631422183042183 4.499229605894077 0.5812464420887445
7.109060238980344 2.977939649466994 6.60172138045457 1.5821073104318588
5.248921211270179 0.8246532815376115 4.786622265124865 0.6217681987338592
4.511180717826036 1.575408465069542 3.123991648113206 -0.46744137071354563
5.106439343757298 1.66567799569689 3.4052863264502973 0.055102221264303974
