4.727931793339496 1.6847565126415303 2.9124073563536435 0.9411939097416667
5.109198441028027 2.2028851259095337 4.136283134345759 0.4060766482203857
5.559959170653605 2.3335090833230296 4.275384692801493 0.259532953164445
3.722748641118942 3.813170431848277 0.48697979657110646 0.39677983222951857
5.496619089948295 1.5268185481360836 4.057585665605972 1.3105449547451669
5.212286771661756 1.841093621041234 2.664606455054018 1.5341473834218442
6.042619659704182 2.9260998848565194 2.752764887705998 0.7381066901253069
5.2334584994125 1.466658688917731 4.419835187927161 0.032128923677621435
4.3601185268560565 1.9778005016875964 0.5923064361083437 -0.6748327896738875
4.676475371866817 2.551817465368206 0.826766624566494 0.25000730539205196
6.198035376412966 1.8853771808007491 4.47541827404265 0.5013584205510663
4.073923426209272 1.7446595759839547 4.091822175278658 -0.4114726706215963
3.737142908439073 1.6686266802223686 0.432165460637286 -0.5229140583400231
3.954800037331589 2.0163875135593274 0.9118880783945974 -0.5380326711766943
4.680435076802421 1.884313925236568 3.6185822895261475 0.5931639543754945
5.005991195335256 2.5180954706998673 -0.03472228916246145 -0.950905942835987
6.06570252106801 1.0140448396061832 4.152957897808362 0.1964579862426692
4.1393351242935 1.8250891715729325 -0.2347391569397297 -0.8151958537655215
4.49259182173947 1.3536500704158385 4.09028297318692 0.3408047132185892
4.417024582946992 2.170043563404128 3.3570643722108473 0.22264236754540478
4.246003068353064 1.8389781801840808 1.4902038070819605 -0.930668723023226
6.094866373202852 1.17704964786061 4.461585949819686 1.543792302477918
4.995354423089321 1.7236695523289196 4.2498304170169305 1.1954440499414714
4.9427528613887635 1.8260177140906764 2.4322095685642036 -0.3624409948699472
5.979384110043906 1.697292093798325 5.641435325341258 1.2613292121678443
4.749864692355963 1.8059620962864142 3.6709824000756726 0.04396728971401642
5.547497184532774 2.722466594844914 3.3667131363958465 1.0329206919508886
4.845179396385535 2.781505799291047 3.506375998617944 0.7717803526727004
5.614601944212105 1.3551932965753917 3.843119856317424 0.5052950450760155
6.218288893832611 2.99036042688901 3.9816429308207595 -0.05866871434206322
3.47386626190762 2.668179512497386 -0.09867803623902072 -0.8805580716820611
3.7549412448703805 2.003644626887164 0.7487277975212676 -1.5776149769613623
6.1760155482647345 1.9674542708975173 7.047300968491291 1.8039806346028027
4.745790199244742 2.4292581573818524 0.22217587965269314 -0.6659595993155316
5.88128324231354 3.0062536577143493 0.01431618974220461 -0.5879469256115981
5.791059410412741 2.9018998786424577 2.802237768025963 0.6419515417756685
4.13321936830188 3.26570852996414 -0.007555744845011869 -1.0871153864952705
6.092635015991852 2.6458824350138848 4.887800502792372 0.891774206338448
4.357323027738151 1.8766952621709967 0.3265109097633503 -0.868834525094305
5.234140729081663 1.4648287175133392 3.666261289372535 0.9917106231170664
4.442365813642378 2.169604555306628 0.7962473895382158 -0.8803592712725077
6.46337513620453 2.656256230841685 5.300689110585909 2.272062765706027
5.089142682055663 2.0021585149412884 1.435141297721945 0.31840519779940757
5.913418548732387 1.9697726824224677 5.3753773912894225 1.7608461119897674
4.093569380818748 2.23089347368194 -0.49424609741663383 -0.8555084636855925
5.667378718588746 2.0895422481447437 3.592427188133815 0.1250494981463499
5.583421715307383 0.9811730080899617 2.4813060537829728 0.22667935371998726
3.6513415819717183 2.147739082205145 -0.14225388167567887 -0.1541485178502522
3.2813531287483566 1.9302974351942632 1.0995815836463017 -0.30342332597589833
3.3251619841037616 1.0568702892267536 1.2008821602331308 -0.31036431680723847
4.324462630450326 1.4624739426477589 1.8214583759515868 0.10124940975824892
5.2051531452670545 2.3412834283368533 4.428858787090782 1.1757804646412042
3.80304121744709 2.0943031545523425 0.7757767735932211 -0.8629091398605198
6.153845640553628 2.1161097418336707 4.674035984837417 0.16881901733297955
4.494437185644653 2.365935272236494 3.0218394463361995 1.3780764962551004
4.23076619263354 3.160565111382711 0.21603713394564417 -1.7793327311803773
3.8053300315783787 2.291776768705097 4.366911612567524 0.3239779287233231
5.776667063771848 2.0744047772885494 4.059763904712393 0.35021262192144476
5.078711355163119 1.918796367818746 2.0190327542371245 0.21479581355614907
4.25132563151232 3.5070857586379014 -0.11971606053154904 -1.1788457499415952
4.119299011161954 2.921771797746472 2.279254798192264 0.6059204500373097
4.850295840960104 4.49825169516327 0.5225685796888329 -0.38437102083532204
7.482535281260191 3.038860955460608 5.222176848059516 1.059046689943777
3.8840456463897124 3.0796923484753482 0.5376181411313481 -0.5635122625424493
4.467378680287 1.6162599283383363 3.9865760028480324 1.6104964786585634
2.7953090147509183 1.8711505771386916 0.9351065979658436 -0.5487044933397741
4.22050716790164 2.1941580576255406 0.3014351545434064 -1.2195546875727745
4.856533327663359 1.7049655238884296 3.2991924005779563 0.16077373148841634
4.506511135194252 1.6363116305511671 0.703074271117681 -1.2545100411842494
3.1557513770832415 2.348704222222313 0.33425769736154143 0.048744021734475396
4.136428722313379 2.1513778817860434 1.4866996803285266 -0.4175181841568722
4.085093548065754 2.2945807206804947 0.5519779511739349 -0.12382399570575203
5.212747577160146 1.9720759763235414 3.525037009781519 0.7349893105584133
6.338628295289727 1.7097877103338102 5.021651616722686 0.7755284809997742
6.248264612629576 1.7632905311480367 5.141610555271992 1.9965530954497535
3.978028135621401 2.3415929273021527 0.5092304519646722 -0.9941235986080177
6.480236229430737 2.6580653456044754 4.139781335206392 0.2947476159683098
4.352379689085241 3.231051466538659 1.1987035233294066 -1.4060914881402955
5.036416725584335 1.9063589748666154 -0.19164498497891103 -1.0934239259001384
6.488618016580593 1.8692252192647663 3.882803577861037 1.5534191779704587
6.076030390137179 0.8298898391381928 5.150471672809826 -0.022076387214602144
5.931318042255957 1.8584240378639805 4.781586872723544 -0.03344154797183796
6.199817737130808 1.277196827000497 4.864068539751866 1.3508095220336425
3.5564623160365487 1.8081787639867812 -0.24410833945201138 -0.573547476268311
5.0014268687492205 1.9520585029250717 4.429105674521268 0.5911598311768
4.698323454517519 2.0613455145733743 4.469347207033603 0.8301443331892651
3.458917972863394 1.2215273630465024 2.115259853913979 -0.0166745331052236
6.016406816512697 1.4345270484521206 4.026245282131949 1.3822511185192796
5.6021255209261005 1.4607326830549259 4.381085053825123 0.2992105222949193
4.625376135922686 3.6298232172168015 -0.2566939064613718 -0.409524808564968
3.8728754006576036 3.141238760854408 0.09646337781676273 -0.965884144334886
5.1103338483933705 1.5528875770483703 2.7145662652222713 0.5762805371069397
6.780928429386392 1.3818007370235694 6.596466611759 1.5397613363278473
4.931018761057221 1.0477515665685098 3.2335483949089774 0.6938515566348585
5.870292879629352 2.682826366775959 3.77054662387836 1.5211274142638875
4.142328208819157 1.5277279650270639 2.2464464216109925 0.4059063545925624
3.6042264985790595 1.794040748983737 0.6542966447482514 -2.018355786977873
6.072521761617601 2.5600847237596556 3.5859687714197443 0.08662121696398284
4.1470371314042005 2.151155225809964 1.983262142374487 -0.14289048747539557
4.432823542155713 2.60175222371296 -0.18436449432833157 -0.7141153357718524
5.410507795174092 2.0331085030812415 4.370598043653384 1.5217542832382822
6.120402583179324 1.712424697642598 4.648852445338456 1.1461201787981723
4.826737367111432 1.6602584595797398 2.807945655108544 -0.661763073849998
3.5371942545874457 3.089931168375428 1.1530645812285458 -1.8449827944934276
4.153184935060783 2.283495374124356 2.7635412857914448 0.31720807631657344
4.121342859468008 2.041212002184391 0.9882698986901033 -1.5093360152175737
3.9177674371519324 3.2629331456262296 1.4989899762899197 -0.3374718878865147
5.431309270645853 2.2905014693777073 0.46786808212269393 -0.4461959494536879
3.194191987579554 2.57348936338988 0.26137224475217624 -1.042578360850246
5.125479815119558 1.246630804911128 3.520924847810483 0.8262864377916848
3.3114681590486854 1.774050862541464 0.21500963885094881 -0.7559385072326053
6.38479911537944 1.1900678371334221 5.658009627799585 1.3105552254071704
6.21326815106984 1.197313712317688 5.132175654919754 0.9703107173766721
3.652571458170703 1.4077878724321837 1.0640711832181966 -0.8432132494679245
4.802419375326366 1.6734091729263434 3.1253667084459504 1.1163730537621255
5.503560399429998 2.5029219728768894 4.795234614603888 0.9463544423956103
5.991865050471364 1.961898830172395 4.6002145323383425 1.2248330425181613
3.708808524611712 3.433981447900078 0.8145023774277733 -0.9434134758086792
5.640602940507576 1.3810139645964112 3.7291494039476207 0.2584442807488516
4.31158938494704 3.0007566593208725 0.7618255946981558 -0.9679786938608778
3.2525982442914736 1.8891974709264998 0.26265570157810414 -1.4926632755656117
4.863479584575942 2.0143338019376102 2.4938077756454042 -1.4513522267611507
4.21797474072637 1.9761814368169761 3.0339811896297597 -0.17651045959589595
5.153935468560267 2.119505236621692 4.2642744198266245 -0.6337076390246155
4.045797544509327 1.744699570814811 0.09707021949722949 -1.4673911966648734
5.049694036200446 3.5309362257183796 0.32410017988241857 -0.6984451182115513
6.016744630337688 2.2526891149078665 3.584876410562533 0.07521708242764036
3.668849437139814 3.53449955454819 0.794413716301777 -0.955005573444719
4.261092225509844 1.692952484516191 2.8852683333254108 -0.11852159159538567
7.062735394962421 1.6379127758478764 5.5173435318960475 1.4936928979912976
4.137593779626858 3.439086199692412 0.2620744623434297 -0.9485267475464151
5.078729905988414 2.1318903266496165 5.101824808637094 0.7938525636907916
5.127596104010401 1.237825255560956 2.5148505412294995 -0.1406738269389245
4.67367429745436 2.164272869721848 1.0892994030391037 -1.2296698663715218
4.174400593328347 3.4031962389317107 0.4357450575178592 0.07983692332097259
4.474479166080439 2.491870730889281 4.80794880371797 0.2688122830046489
3.6751945124560867 1.7781388768990083 0.5822035972615685 -1.0597088785313098
5.3099608755073096 2.4601783401397554 0.41435353223300553 -1.3353993316788793
4.451172905218819 1.2540576276563797 4.15664945163311 0.4075706071177283
5.435583024763131 2.001442892670965 3.4067350713253965 0.7985231952240945
3.9542845357918783 2.864713397340738 -0.4249848114911483 0.40879402079309474
5.827730384118695 1.6348767705895302 3.8446559118819303 0.6094611920687149
5.287203977822298 2.409163248248201 3.759071452558358 0.5706400271739911
4.708233829054782 3.038650467844662 4.393558409012877 1.356645045221543
4.739472681836925 1.2630739244792193 3.291712875059688 0.8956721108086192
5.802304109247747 2.462385366510177 4.726943458520323 0.5336174558772672
4.288538441553936 2.68339282465793 0.8852976419016501 -0.20225480246202004
4.21952825963707 2.3170529688145587 0.7802220004653772 -1.0334605267447023
5.233416416815129 2.0000889623125775 3.9511988756839704 1.03992444936781
5.173794223515499 2.0453197005951154 3.6515181828524046 1.4709747406540874
5.000267846958465 2.429271924743164 4.8395300205923215 0.4080885125194358
4.468909107818914 1.8276624640490982 3.340020117826395 0.4006877968089937
3.3509895496772324 1.6457977521024854 0.7479688232725245 -0.6940352433409485
7.015350330728297 2.0948204931963113 4.844628933203655 1.3838553510664884
3.7443522213724285 3.0616560411420224 0.027833497029739362 -0.16969037321880698
3.1481622435840335 1.3311984364481357 0.48215377680110894 -1.0052302032703784
5.500668386027555 1.0289720428710236 4.617626032836879 0.7923354390958697
4.43911817495924 2.3647042831280243 0.6786710664342372 0.16416259494275215
4.900172704689486 1.7693118140468487 4.23527371960324 0.6937361581578378
5.912457638337677 1.4457094301251177 5.863310633848316 0.5677621770699903
3.9549554959276882 3.1071028783581967 -0.32540215396069905 -1.2154595931212488
4.698561896252961 2.6583048343175686 0.38392340675984005 -1.101227541420754
4.774022749487862 1.4381447477071494 3.8044974027098997 0.43069298569859327
5.090558595647039 1.4958863348850329 4.289596287562038 -0.2321147667727934
6.01892610283601 2.047504257297021 6.078907683197067 0.43971043656506925
5.8598014208319995 2.8595388839191993 3.420791332457723 -0.4016858751346184
3.992877998049233 1.167039370478675 2.6520598629191223 -0.380475355933388
4.501597989877202 1.6296799682351912 3.936811122085069 0.44300809149110587
4.772958042968473 1.5730732363922684 3.869612384825895 0.8807903072177439
3.932496183260178 3.463603083983988 0.5869269317659701 -1.5842471139261594
3.891268125007631 0.9404447570826275 1.246310207742729 -1.1599505857504555
4.4089756893268035 2.1307620008715604 4.011117310406512 0.8095424961963051
5.338252622746925 2.935985258787798 4.122590241459369 1.194003192371958
5.615601030076232 2.009974051755584 4.275384040602296 -0.2721315985853543
3.611483479971372 2.0606729977498786 0.6911883491059609 -0.6582110261724388
5.367699069286472 2.1553360202998775 0.7932418759013475 -0.6309924653435708
3.9011901729415985 1.9829176758184561 0.1295269400897887 -0.9944367537857834
3.339508606607581 1.8589892980738576 0.596966445375011 -0.006391127212963144
4.038183047761963 2.757536102371879 2.3640062286185373 0.641819989105251
5.375298447738951 1.0711878071235807 3.1917495477612277 0.4659437537930905
7.359125323223261 2.1581491429861903 5.868532570982827 1.8758636482838238
5.751520508617146 2.0654850586907463 5.205218197381207 1.27760057719391
6.003124996660661 2.2035345810094107 4.040577403665116 0.7721931451201511
3.6970891820791625 1.6637840030190771 0.9264028257837023 -0.30594234702535467
5.615244307955086 1.6014167565635127 4.2872107974640645 1.2745439901843607
5.6760606913132445 1.3450346318105937 3.753809230692875 -0.01276680714731837
4.68600108085362 2.945838063616073 5.1761400173453485 2.2157310278115423
3.9541117211178634 1.7899122840504025 0.6333483368295326 -0.45534133699359697
4.657853435005959 3.2561410249590903 4.611309349086139 1.2495970155787672
2.822631568983794 2.01353843892418 0.3212775666519335 -1.174266002567752
3.622996281267754 1.7230272182735413 0.496052065043627 -1.5114496981304133
4.4925028713534125 2.9688963591782187 -0.5564420150187674 -0.4025711693835388
3.6061732012641268 1.8712168922176713 0.39925027994156115 -1.1523969918787895
4.249534897201654 2.958514853681744 0.008096035346923935 -0.9064397049199722
5.000803653250059 1.4140718295314894 4.7741565814259 0.5600070479128454
6.020492995822642 2.270770528929681 4.668638207287438 1.2272153021424514
2.588629174433896 3.1753384023868634 0.4790903836762428 -0.8561005850288157
5.012760181985562 2.026655998743772 3.8516563755741586 0.5566542131079022
4.733375139604827 1.961960191593807 3.8936170269008956 1.344209749433848
5.0522790245748 2.1510702106003707 2.6014687308544104 0.2497989126532718
4.588911203299814 2.7268854655156876 0.8283564616404071 -0.15593098465748179
4.461588014934577 1.6530880831174528 4.244438953182244 1.0240665344136377
5.383464063197795 3.0080253864756443 4.790347950200092 1.6881885687446234
5.250704828626676 1.7542997104859503 4.07882940484731 0.4933160255222846
5.392732877172396 2.317818809267086 3.4890093795731776 0.774592531137399
3.9113359514091255 3.8729250050306923 1.4018962690716845 -0.8130794246630916
5.765447351680783 1.4391012271142785 3.515241772716549 0.0662866440186538
5.568917315211839 1.0441453466852852 2.870836317783737 -0.6289392115491292
3.457230966065068 2.4358605105484634 0.6697106530142275 -0.8977732886114587
5.119222907337066 2.0009538386468453 2.894821529566221 0.4587584181353015
5.885010356713165 1.661501750348418 3.98749238223421 0.37385425865350763
6.253465468188038 1.4093667995983326 4.861827558523676 0.5914678991262263
4.157672731956437 0.8077402186001723 3.283437221119687 0.14268446440735905
3.7115819124598644 2.8163727002725 -0.04152970815029722 -0.8042767299352274
6.098458300454389 2.2767463027878136 3.4586192669243223 0.6196928604090908
4.712177640603517 1.610853561348155 4.313623758539605 0.39785818584138843
5.115795561613567 1.8586585326349108 4.124186584106836 1.0777019164766204
3.276642468781636 1.3525547247334853 2.0550423552325965 0.6901230178765645
3.8525337706322067 2.3112941227032398 0.6143365667622842 -0.12827183708523765
3.730553418598773 2.165595848968176 0.2998796386237781 -0.6510474272272038
5.0698166710817825 1.4157500742027431 3.793960687857231 -0.14112907228567928
3.9573775592698466 1.2754492885228494 2.2586532041586476 -0.26087290124827134
3.5896347820592096 2.818087138452549 1.1653820098896026 -1.04611236838364
4.101681434829029 3.0312750582884975 -0.14650025267819577 -0.41895774410397574
4.287859614199503 1.867271330974079 0.9437870825760153 -0.46346300541598573
5.026985078051856 2.3778866029714125 1.7598277367839514 -0.2421566525387337
7.215201405750147 2.272015032984395 4.9058442131910835 1.408204410196297
3.9567842426446536 2.378101245915375 0.6104424717098251 -0.8734506349248181
5.028047215152295 2.1351686292177225 4.244117802119706 -0.038579534698520046
3.704990842381031 2.8290835474119156 0.9593979496748983 -0.8738378695719091
3.5894147104899727 2.9461980368328016 -0.20833703542882187 -1.4820467524120489
3.975353652243994 2.9784632812461886 2.9194761256352963 -0.7641179891643455
5.307527923879506 1.9523284462684494 0.22187901371305463 -0.9531896332358877
4.613058112038734 2.8090874976685627 0.6867902346513288 -0.7646847114163728
5.321663241069202 1.921165186489189 3.94858101435371 -0.1229030895310379
4.841240926963031 0.9595081190210357 3.700760765978078 1.0200404876970235
4.119659978351342 2.2115572207141296 -0.029880499819108675 -0.9324382117473606
4.370074263151067 1.9303305192497944 1.1141428873035317 0.7775276645039128
5.408214857519427 1.7847870510441148 3.976795677736569 0.9538986764701053
3.7336813054219467 1.427856657186751 0.3111839104945253 -0.684205806282917
4.1173056058064805 2.23932456399291 0.14403321729201024 -0.3577098276463038
5.0358848920545825 3.5062818523100954 0.5176572417660872 -0.40223886978641044
4.449279156680198 3.0717143494408914 -0.42430596403336507 -1.6600779158961698
5.784567655511087 2.4769048889668692 4.5123729798172825 0.5753904950583619
5.79698985145569 1.5858720316872221 3.8549543359057443 1.3501722759948163
5.832890311127184 2.6491803358975945 4.775072127471772 2.020288994746622
5.833624391183392 2.664274142819758 4.879844770543731 1.4056150866137633
4.495563368236279 2.70515101663323 0.3754723505522475 -1.6984908318767908
5.037353594982993 2.0125798265072734 2.64251890594906 -0.3133216268863823
5.0284990736557615 2.345471504663316 4.342889042365492 0.23280673655967954
3.786678143366228 0.8453804574109989 2.117579278742995 -1.3333980408856907
5.084117379156134 1.8816037757302644 4.559691921546535 1.579373329640541
3.621803243496881 1.9086168271063881 0.5775834496025338 -0.6974164216862802
5.720636956579111 1.770544614282836 4.680510774777932 0.9395693306772166
4.933618960788688 2.231756712631568 3.6711911336609684 0.7982964306654747
4.561788710011766 1.5461889014799304 2.736946195851822 0.1665879303906841
3.320280134511328 2.084688587207106 0.22372223063000085 -0.1562677671785067
4.619972359189529 2.1684932280376175 4.218700153940016 0.7976091042123261
4.94884598260535 2.1704485031972256 4.443461459046231 0.3160196322007187
5.142429668005711 1.8549617295043632 3.9065492773904715 1.5480972204438286
6.834899506406541 2.1805746739594416 5.17686290525215 0.04399448015320351
5.607373538120292 1.8472277398306587 3.3020520878368442 1.0069809784240396
5.087435758222667 1.7777952674535717 3.7106983621291545 0.1289977978441854
4.707892094999431 2.5425159040636194 3.5121364353579905 0.37866495670154743
3.3273962803410444 1.0957603015919721 2.9247327889513985 0.9427665979457739
5.498475655723348 2.5886455654704656 3.3412186321161292 0.36352193363561947
6.007349738229787 1.8226874931217178 4.238583669335119 0.7127378073937751
3.37265338101402 1.2792385502118337 0.76029110673616 -0.3664198283788291
4.739397768376731 1.059078750917343 3.7957652755790754 0.631563021180833
5.224986935958401 2.6068413753232473 -0.193480247673937 -1.069231473980396
7.026851499916276 2.0822134723689523 4.9934314965872595 1.7993614431054823
3.3271880024073384 2.264090861506433 -0.20844903627706324 -0.04422098869534735
4.337973949737836 3.498584233787792 1.2477284864796927 -1.6016343137734865
5.92162091176138 1.814802471696619 4.20082955842574 1.1524069954817615
6.020395824920547 1.4820330637218317 3.6664749624481967 0.7054855073755546
3.9968727834685303 3.6124991514760056 0.6296141597016349 -1.3026230182770815
6.457697053243943 1.0499080676540378 4.828168296354331 0.15726398542482145
4.668430872559362 0.8341584913592 4.5170676133485665 0.8192157088118521
5.244520093804969 1.587468064147744 4.0663912051144395 0.7223861434873324
6.580979442890248 3.3145675836715625 5.544719717519445 0.6964094134093148
5.717879722662839 1.523110417715013 4.027621971454172 1.0863461624781419
5.286519211606705 1.8150145849925805 3.081209161673927 -0.3138315418381439
3.8828122446055486 2.187037018434349 0.929973788598989 -1.4461862593188608
6.755518467404931 2.242356309368293 5.46018884867652 1.5318145246767978
3.254467014531988 2.604262724583343 1.43193849236587 -0.5930282827310625
4.892002190474051 1.19270822042146 4.120635800336074 0.23687342284492252
4.4135407746107544 1.6889905472549456 4.085463670680442 0.9857647976950912
3.887755125037993 0.29869492598508707 3.2654679933567774 -0.6026683497344074
5.315142777255146 0.7076252726173815 4.025255950332997 1.0142906209315963
3.135358918217255 2.8981334515402493 0.2927106160029318 -0.8130037353640984
5.062563533834311 1.4940276350821105 2.750357659975484 0.004402595176640656
4.758160749493217 2.6220586016306306 3.9288353886361786 1.1575246689926093
4.972712610029376 2.5249244414791683 3.616457227228222 0.5718537462311475
4.690268848520833 2.1666904712683337 3.6953183088839103 0.7895560662650809
5.473734758908037 3.4098783516073112 0.9159021065187779 -0.9835687578715948
5.226844946962201 2.1532109205223557 3.2910413013407664 1.0665163467885157
5.463243341370005 2.201924685184837 3.508088906872185 0.8974099838379823
5.454682596709016 2.0847986823230658 3.5770897996920383 0.5180333632445621
3.442169668915768 1.042869656580811 0.3266788807908747 -1.0883860971392394
3.575652423279063 2.80374151835171 0.0888308389208905 -1.36001656293719
5.479557562115619 1.7194623104364761 2.356450558651698 1.124160832996524
5.39329695957445 2.388547269485098 3.625640597850408 0.7634636176261316
5.606238499277561 1.5589146977413035 5.130948433984951 2.0681291730687192
4.417233277483497 0.32865166344572794 2.5855960719512776 0.6424603570887488
5.822940869686116 2.0681195661311875 4.704739100491798 0.5625685570952733
6.1320032917584495 2.2552082011057033 4.55246792936993 1.3787164826799008
3.8630713859594517 1.1478370226911616 3.8558464181386856 0.8777306094101562
5.755225416451202 1.9109179032613026 3.2547742451022073 -0.14874192282000775
4.548379315141593 1.9179186407094286 3.3734403170290475 0.5023382463449937
6.460561121983248 2.3267930148056495 4.121230252762498 0.11242891897968632
7.0747825141972465 2.376223798667331 5.682924750722383 1.1496373797337913
6.8966586066111395 2.3206279479300633 5.627954512688363 1.2449740307887052
6.125120632624121 2.5715702312450675 4.925635203274883 0.39717090716871595
6.327446407095129 3.6528326894049497 5.526839163518899 1.6659728696387908
3.649231729900339 2.6389633187810686 0.0590726979565217 -1.779963647894861
5.24188973378188 1.973337826815307 3.352693036041028 0.32285367542991783
4.013472071326055 2.5111854073533775 3.2470320956061967 1.2359518947343675
3.6057809543043677 2.2949753806707216 1.2183766587780536 -0.5087663609316004
5.296884269743226 2.1089558402006023 3.9734453082987438 0.47708153458092406
5.0349415268105435 3.4739948192121295 -0.28306218304100295 -0.9203424511503503
6.007464578878603 2.340158774882245 3.831911375729203 1.0910938967405779
4.899581009377718 2.0960965661347672 5.773395672804789 0.6299473912421047
4.963564865905978 2.172354140077979 2.958421095605339 0.7345870995025947
6.216324894126331 2.4295416109327586 3.314029272077711 -0.3346137336712909
3.3654670995347065 0.9485656561013909 2.4745186495645193 0.026534025410329676
4.808994129451926 1.2622103761606336 2.31212053821105 -0.37942126587569347
5.281327877434379 1.7846048782240787 5.719881165762901 0.4218126444848267
5.56060779782022 2.1494373949449685 3.5383556240829304 0.6136658565094217
5.1969678965828745 2.98863017365769 2.177318189522536 0.6070186902267674
3.6624503927210066 1.3545896734187015 -0.670490096901853 0.3286099656374936
4.0759545196532 3.491702742175499 1.2888630419298266 -1.0266223046713134
5.054677868927836 1.6661428862919536 3.543204040684032 -0.8067565828984602
3.8377601958160525 1.8830400195899817 0.38672331383699166 -1.2232293146586282
4.413788914234626 1.6051864671614318 2.683366401743619 0.5037796742823268
4.1969809052631 1.0997984541419088 3.4118147811107766 1.4334988702067841
5.794867726377802 0.8789214834131949 3.5216669551926545 0.7708827767925277
4.524617441941988 1.8476901812967133 2.34861505788247 -0.2216826243043215
7.04578144746312 1.7003909621574644 5.099696500264172 1.3092347770127684
5.021644416172903 1.4824325858717373 3.385304100428316 -0.1760176398764779
4.153544464211756 1.7374296662177857 0.9545409150849498 -0.42561029883773455
5.114013423200063 1.8041968903789245 4.085190050946997 1.2733390402387998
5.652125247624331 0.8842801750587386 4.623199654768826 0.9579179564097834
4.883028337072649 2.3652727683967205 3.4841593575225813 0.07168091572472468
5.18435676831807 2.5135783232509077 3.7319618908729604 0.6754875388469785
4.727710973635516 2.0141120084433926 3.5642380455773948 0.3757617851613866
3.318389124171284 2.0669825370288986 0.7676468557649475 -0.4172133549639452
3.9690858540435556 2.927291022017141 0.5831106872329563 -1.169885789068976
3.7220630374116075 1.346096133806668 3.1740718501652503 0.9698577510564723
3.8651397992353838 1.0871485260315077 3.5605859153697614 0.25239738224800234
5.5784727137936345 2.253461265432563 4.076342969617029 0.6113223202421987
5.552885551109444 2.2924495353774716 2.923826094974812 -0.06485950860954537
4.742185908114253 1.0953918018335107 3.4902477765478057 0.5265219089724189
3.954308153852903 1.3324287929058922 1.0841495554284946 -1.4788712677803388
6.939363673245048 3.388756422320507 5.278344739057151 1.3360633013450147
4.178466929629211 1.7957392454106644 3.402564957133934 -0.23927597635871733
5.683928061459727 2.0140843978309677 4.655194193078234 1.9390293876334166
5.043701187561994 0.7905095997420939 2.790458791614695 1.0103754095861874
5.270208989895844 2.812347744930636 4.604330435759943 2.105348055291311
5.228922391870305 1.6745625816693712 3.923980607194138 0.8277019518756163
6.591227965709095 1.0075658591741639 4.420829733777509 1.2378941581553797
5.730247124798078 2.491811564416424 4.750910849025301 1.085408823669929
4.44839362964778 3.0722431719111407 0.22008650934459584 -0.277343954407009
5.83195127046089 2.156171203239966 3.9524432073838933 0.9594188185031343
6.393450377552664 2.656504940454292 5.391498142785693 0.6778256347223481
5.699714398534354 1.9924194451861594 5.084899543490837 1.6128211864019317
5.49135190669355 1.9202281604181666 3.942399486647443 -0.07081921647771106
4.061464299469408 1.8509728230201243 4.125301609599841 -0.04415854415838494
5.7608217872166865 2.101731427979078 5.162878481488604 -0.059041153811403735
3.8952399550872028 2.048830487507713 0.7654842054131259 -1.9883089104299798
4.688079632429386 1.6782367975310162 4.065326393664874 0.5800508576715486
5.9848297281696485 1.3774428232412486 3.708073592368686 0.6184670734238825
4.958323799403267 2.1727863401558634 4.391481074159261 0.5730926931060035
5.488445340216398 1.6380154625614107 2.29756381976582 0.49181037970035724
3.6320706741720565 1.7056597635791069 0.44045871806232073 -1.599954534137689
4.276137016664152 1.7399113480722086 3.071523709580454 0.22846354266768487
6.62956861798202 2.0543172650746007 3.0159227543775424 0.8912531598691626
6.209593070680667 2.703325564888167 4.148832068231899 1.3327419322932013
4.157534521289829 1.8520097489135323 4.83556432886907 1.3179148009524142
5.400669900981593 3.4673152159852045 0.3205491128904998 -1.1758364037413331
4.115300985000811 1.7731702747742655 1.9634336021255194 0.5576153107176559
4.500147771006745 1.9783549346950056 0.9588365618626992 -0.6057910094712788
6.782538909806936 2.280637690564186 4.885676642277041 0.8457139682506112
4.674957374704272 1.8482898341712066 4.147803365348006 0.9510850396169906
4.2468636363849415 3.161636255976026 1.1623982861171138 -1.0396814814446405
5.438413195455237 2.237398789535164 5.061339489924285 0.9143192563332827
2.6056698553364512 2.6642389052022692 0.4887409843528594 -1.3354712478405635
5.663277056674542 2.1267527165003157 4.594136578897749 1.6305289755463117
4.812979998082686 1.9912717042947508 3.4300612917785296 0.05869806558308133
4.40289054265573 1.8436075510254117 1.608018513085799 0.08967403582678607
5.260927794262407 2.328330681905298 3.4152122518732346 0.6779701792355693
3.534555286507757 2.3523878068834354 0.6572998166385254 -0.9225409838770242
5.234104440943259 2.301752655116841 5.361519412421776 1.6943524111628818
5.3217164476229595 1.799423269622455 4.128199095313028 1.7630976699416199
4.471905825553453 2.110530257823359 3.234262922842755 0.6987838271936344
3.6799779401204997 2.332201198506093 0.4703772800209898 -1.2570445397014194
6.522860233500014 1.054059930812491 5.081065155901458 1.2031363380432605
6.0472645000989536 2.346950235935105 3.6425154626660854 1.3819106348939567
2.7269133653217565 2.6595670215340292 0.3773410783062716 -0.9927335603850824
2.785963836019699 2.240998107047427 -0.42173819808366186 -0.9654542886491633
4.73147962026015 3.4244379509707783 0.31335061994670266 -0.5299622916946034
6.649772980779923 1.4265767244707384 5.394233692674634 0.6852089084909159
4.220064232045377 2.1178742535550366 0.8117345210971577 -1.035714071202594
3.9397209558704396 1.8686977867850283 2.8679080437041735 0.08923496680872134
3.9313365202083377 2.6176693609280455 1.5595547875923481 -0.18254693963095392
3.60412175790196 0.9847986085447396 2.827813489295981 0.35391622691806324
5.6596905662404 1.0301281686521642 3.7768443168858727 0.525386164604122
4.5113376901574505 2.2289612603257423 0.6211854110541664 -0.36593455110726997
3.1740583848882054 2.8835563295907063 1.0804631205736157 -1.0778833472492064
5.782434647904967 1.1148453267912124 4.183873523218682 0.7797377615998777
3.589237105035434 2.412216866533411 0.9196248061301978 -1.189352965615374
5.232321830726712 2.2100244165599072 5.2213433878081625 0.06647125463336856
3.33251472091548 1.81720417887627 0.8200446362845794 0.3210177920999152
5.953688783262528 2.1156357476907393 4.224930182856403 0.29296738437740166
2.650760329520878 0.8220133897344273 0.799693393450945 -0.5322011544878034
4.979679100332108 2.302305823418607 4.746177779279967 0.08947309468823983
5.762023168611069 1.017221669611147 4.813367493716511 1.5552408721203674
5.433316740741834 3.2697478941649356 0.09683138501282418 -0.6542299284141083
5.490090046927504 3.6668053744633915 5.642925787896176 1.6384603726735378
4.757868313400553 2.954568190243244 1.21398261238286 -0.4649285577890526
3.8162489161082283 2.2175979632549727 -0.8458669013639193 -1.3818128255499917
4.941490641447959 2.6260256091286323 0.4688599698966933 -1.055324172303362
5.260098553162308 2.804560069003659 3.59770293859573 0.25541472697277845
5.37551192347598 1.4125488016641168 3.239640286181799 -0.9260893255173481
5.901211278047981 1.8850093844129794 4.0536530866069 0.5564210894889391
3.3407556765214945 1.6221328122845344 1.2054262762757961 -0.2784249274816561
5.191446373941687 1.0460510654187642 3.7035696218786387 -0.07403135718320875
4.713052066850521 0.9981321394830984 2.389113684040808 -0.1659079750598027
5.123041113572211 1.9975445218545018 2.7258610234824596 -0.2633122598835782
6.4893602383770475 1.1627374565877409 4.327112823176835 1.6590688686162427
5.343945967801489 2.633622554465853 0.45375397153899577 -1.4242959977050198
5.812722645109915 1.7086907059340468 3.811764687086262 0.844973897800621
4.45127814190982 1.3454207751072 3.8783385411423223 1.5297315231904673
2.6723085302465153 2.2795526170025995 0.4216910816117634 -0.7204537836965239
4.198996978725267 2.4029857240136936 0.33386163931815216 -0.9017784784534928
5.83535966931222 1.688534652871188 4.058740248613143 -0.05700374024497279
5.49551906977776 1.4577834990999787 4.379921949272881 2.1220708609345103
3.4742320910863604 1.6996586942352359 0.037522187967008236 -0.4800770209044473
6.331297009417151 2.1613488402311853 5.138978797132273 0.2838821072588611
5.412494253341619 0.5273292448812925 2.275477742656113 -0.8476660739509749
3.868154043608256 2.122936585927446 -0.18100261929580697 -0.7005964105079203
5.3513403676633535 1.8411955295982705 5.488037145561594 0.72327380905047
5.275545437519294 2.8881832063912976 3.971439243612451 1.1171158396699152
3.9139145300035363 1.9831084089002957 3.9505582762105274 0.9233559700386653
3.48854567324853 1.8880900627672061 0.12901137223765935 -0.39896289908422017
5.304788463133486 3.0030450326089113 3.800918091695211 -0.1926329983389996
5.634453288284627 1.5856616724265093 3.0751927054673294 1.3923018465867005
5.402108296996672 1.1678513636994952 4.588210207854351 0.6038063772028508
7.072160604080193 3.0656576266410305 5.676573499388904 -0.6158785984299868
4.433222117250273 3.526486573059281 1.1823137597257936 -0.9808205075219981
4.409219396333995 1.9961117504378056 5.023949291332476 1.3340854661461852
4.693338399524977 1.8912075426934216 2.52340857880207 1.1132527888484216
4.813149604535088 1.9529875149487725 3.2079528314987753 0.22012584467187746
4.637995800407229 3.69522097438237 0.2725895964911451 -0.8230764886181731
3.7938507789992872 2.3344591026680703 1.0214557576751915 -0.6410088998229029
5.204827901478316 1.0514473076574233 3.470982856309225 -0.1236735790400767
3.7805048501531457 3.2686350707363534 -0.4110715642130236 -1.6700593698656587
7.46135803255247 1.3160109235572213 6.02870454095445 0.9574599292474226
6.204906167230187 1.4065530982311523 5.430181759988419 0.798068409911973
4.075341018091224 1.064536349256072 1.814984378408252 -0.1640779835413393
4.704448669480337 2.3459233050140114 1.5869720161174516 -0.40502999416979896
4.914883931898976 1.9058675599781068 3.6311953513488002 0.9484153825352029
6.060357393954442 1.4087943175756026 3.50822115414792 0.1968214660178147
4.73091311764006 0.49328187858520955 2.8343448315325874 1.2369421733786776
4.161679826106106 3.334554587121254 0.1314319676074096 -1.0449215190819012
4.3584654520028785 1.7727570540886586 3.6965413884014175 0.2529894207570347
4.7703816641348835 1.7582747336306268 3.7718806980399386 -0.690161224838036
5.284482772977957 1.1846044383096257 4.27454141515373 0.3825442751725747
4.628431407472126 2.4555409229668346 -0.3347466036816624 -0.9920244446022604
5.148751083561484 1.597327646974147 4.061184603573367 1.7217301395575464
3.758501551989567 2.5683007823484383 0.8393986195427976 -0.35993759253602947
4.410246430016668 1.347095074361054 1.9463621012913772 0.9515690165869068
3.829560312250236 1.9557088177245112 3.0291345129771923 0.053732808126653486
4.945924322189352 1.282205259797714 3.1177978277504486 0.8260686642035082
3.5716565166755068 2.104227903248855 0.49894022763239787 -0.780176814663835
5.067399310375736 1.928542928426951 3.972507033872286 0.9989702373872441
5.607799936053312 2.2620523687826046 3.962441723450852 0.7706721318615493
5.046451068972941 1.0527677661113084 3.469308382311091 0.9008802892088482
5.498627112495814 1.9540629868242074 5.220002895017402 0.9215302849350355
4.066709480004563 2.4681037614333228 0.27374082542758194 -0.7655041582434376
6.6832353748491435 2.632770960366488 4.132050000591466 -0.17666168523063885
4.090333759539992 2.7793249369004753 1.179848037320148 -0.9712497917938447
3.6576766386010817 2.037065787674014 0.6994458280518376 -0.542811691591017
5.771701994521524 2.424057735672596 0.2604408531587563 0.2807359014271745
4.182445601056545 2.1289079109823525 1.0630949626972612 -0.6154439404897383
5.838072668437942 0.9042843126149354 5.187797971018104 0.2654107767478171
5.884826814882084 1.606619557198289 4.217917052599138 1.666620883321298
5.0918876053508155 2.3900580855730604 -0.09944383082658725 -0.8827043988696655
4.183244184234501 1.1285992673273366 1.6128596098909616 0.328680801869479
5.358019206712973 1.6788459472483024 5.108917685881087 0.20803837406599768
4.37715878474098 1.8591383317901673 3.0071615521312363 1.0809513431243474
4.094726279409791 0.7789211577832029 1.5313478247863916 0.6690708034649003
5.273465037271391 3.2810891105763025 3.502279773517146 1.066227727874774
5.629006363229884 2.0816383226355475 2.6404625086849434 0.06953989821285211
5.877959216257677 2.7953765423410246 3.913587551479738 1.9662650020079244
4.470529159238654 2.1427681240532146 2.036544126961024 0.36374097451806464
4.792848684055315 1.9313012466463995 3.2700399335130226 1.0712996703068605
5.084999695302383 2.737617107048357 3.934893752456726 1.1044130442739257
5.716783566478789 2.2766725302029 4.42786795600606 0.05312243313973486
4.714657170713663 1.8459083600879886 4.805850046624525 1.0903907468744727
6.247357667003103 2.4368363595162554 4.345925709052103 1.4698933136703547
