5.128483323231034 2.5914064220728514 0.4009786618420079 -0.4317638297297652
4.628509583150164 1.9465480938707131 4.4304512924034904 1.2443707623008058
3.5807757353652736 2.6757887244777456 0.6148694269295287 0.5373104900367549
3.956860638528001 1.753477564098778 3.0825329941207675 0.401089682595812
4.813070419074716 1.973533392205329 4.46379303770248 0.9259537088609946
4.611506258351794 1.4817938074334 3.3519332835403057 0.725510704775248
6.188750969763453 1.7039304739251664 3.697665243564061 0.2852158053255065
3.896066722175245 2.9853906885241535 0.5864424375777313 -0.22496782562178658
3.5883141678681154 3.2142719623327594 0.6896686669260153 -0.4207206061997852
3.2330317066028735 2.4649601019961587 0.7611882132252139 -0.6894985851413864
3.545023143643926 1.8935198526184212 -0.0438774151182042 -0.4945464207019564
5.687462457275195 1.1910574848996327 4.540446272095821 1.27138596692929
5.22865866033988 2.522350949596839 3.5368643406133384 0.5476160824846842
6.156854216194494 1.1957934699757649 3.3897659798996753 0.27023524023633905
5.146111674738142 1.655020986665608 2.5648520730369535 1.1436024080605134
4.371104712890495 1.3047903609315565 3.8376487581334073 0.8191145279100194
5.1643140928026705 0.4467644894249192 3.3044580412700917 -0.21096321069668278
6.168696001375487 2.1115227162456978 4.310451086254877 1.4138281387475802
4.503615136345753 2.6290237529848666 0.06879739358009695 -0.028096833979187608
4.676947541822523 2.354515251850202 0.31476553153899867 -1.3446798358379584
5.166755843362744 1.6449129165560683 4.508652569949721 2.127868761514782
3.4619847109289417 2.8868998932494936 0.7593274339434012 -0.5053767301254881
3.543289184585996 2.616115358813337 -0.10297276161888447 -1.1320400194568454
5.867122969281089 1.7342367062863262 5.606664038190876 1.00940947647605
5.414186770748983 3.185971129826725 3.5552601554298486 1.3118134095676932
4.550205271725866 3.1202203601978646 0.20889535461684527 -0.6316881398557452
5.536334140969842 1.4465425513784345 4.691373707816875 1.963545947176775
3.9666301191684292 1.5924994233844236 -0.09722059678060013 -1.1365653024175297
4.970270463371943 2.082282041390079 -0.3389730810503262 -1.1457534151386017
4.990681899797998 0.41763813497757574 3.1224471374454357 -0.30961802555638607
5.019158986309309 1.4874278275701702 4.883915814423455 0.838588868767181
4.961801289737171 2.1081095117261563 3.6898431652775905 1.534021935643368
4.6350105573862255 1.47084769588003 4.436651913725791 0.8829880977913181
4.278507405951898 2.0702541027688337 0.7060016994048937 -0.6302322955265336
5.745271286751927 2.1304084725418377 4.076929058066144 1.0845054754803454
6.019209550372747 2.1446095937704794 3.361072387268262 -0.8414303868442707
3.989816757490724 1.124697089806768 2.759600331093576 -0.40633462504020645
6.176812044610131 1.462294590582252 5.566884420819291 1.0112590524576897
4.082791285231021 1.4147727389444282 5.156585489244637 1.4086908966184286
5.28352406620957 2.620753883938213 4.279189287846131 1.224473322193823
4.305649623354238 1.5060713323641282 2.395290298177853 1.4037889587186885
6.327326899867192 1.4443069851358152 4.934976310749271 0.7014038404253775
3.6671185213678097 1.863103140837887 0.7585192161832042 0.02118188973726237
6.288273862375159 2.8525859034511756 5.637546065471017 0.9147173599988234
3.999630252528797 2.747477233353894 0.0634835360263617 -1.8144923079591642
4.061760352839593 2.674589050610879 0.47296175648211247 -1.0820318549175243
5.0476369836815795 0.9182671525661146 4.122097331208458 0.3249464979903447
5.880657155702578 2.0567204587407044 4.2002736570860755 0.4341091630809334
5.577567170544833 2.3383645364795926 3.7287047867775303 -0.07496170432672566
5.322925179171472 0.8991094331388036 4.440629750345295 0.7270668912042624
4.531563796372275 0.7045459031909993 2.8210045947546334 0.3589529977188354
4.915576332597647 2.3502999778167624 0.013816335542329083 -0.8973720521913651
4.340199742791694 3.524796189030175 1.0876765525235301 -0.4747751244470431
6.85800517877209 2.0820491785936452 5.3496219660309725 0.23303888645605841
6.593270440691403 2.0640836723341285 5.673499835602978 1.939429384985396
4.688489217228138 3.26002636501126 0.1517444910439707 -0.877492004765303
5.4394986820558096 2.531819666602203 4.161657242543633 1.994973813011117
3.7227998530629165 2.140324620662733 0.4363054910549248 -1.0087971299007956
5.369264680042002 1.3244960983762772 2.0631051669927434 -0.4795171828415792
2.649441790466928 1.7487645064073611 0.3665987012516987 -1.2897481389224708
4.499729422190548 2.062030566251126 0.6489050169966075 -0.7510771191083567
3.5307226534225973 2.1321164358565268 1.4931626030183307 -1.3415810524573715
3.5038683745407795 1.1217680273345008 3.315009105557779 1.8812188141690225
5.427245748672422 0.6754649889977773 3.8079510744614122 -0.4406952648672404
5.920752501713487 1.3344508840036649 4.370709927597151 1.2956732397631647
3.401397175723135 2.541766980282709 0.15904613392662736 -1.3734673912529196
3.7790618955900905 2.3515222720792304 0.10177190641447575 -1.070359706386123
4.2853375875054045 1.9495869192624942 2.6292543441276974 0.01836029363043279
4.931579064662402 2.240394129517699 4.312909980783794 0.7283134806537055
3.908241105782551 2.613365587127347 0.3071494170992246 -0.4668168864864054
5.991063728843915 1.7286205968430064 5.07836663099884 0.8302451116953534
4.88913582377015 1.5235610683124545 3.5526469761824813 0.8294053504253929
4.720463535498668 1.3102571770619722 3.3601481637931547 0.34691882291363096
4.305383959599223 2.1780349568648125 0.14796977555284951 -1.3321449880133218
5.2505300575382705 2.706154817644876 3.9693416328708606 0.8840138378079553
4.35759529834242 2.84596780148629 0.7045566593861712 -0.5077049452213662
5.016531300126999 2.3588134778100915 0.17299604476122044 -0.631113195420415
3.5925150018447374 3.2878476879399563 1.7175836270247655 -1.2142338166892752
5.72202823161392 1.569445721031036 4.39695829017073 1.4742804763473294
4.678836480390666 3.1478658998248354 0.44025042372095635 -0.14215707935059657
4.416354810175366 2.1255748978768776 2.7872537424126143 0.006372207152588905
5.904296840036561 2.808810041582332 4.815711306003465 0.849454361159725
3.6368408127271437 1.9815356596888927 1.601145890601264 -0.6312891458331412
4.350628791907072 1.5281510910249758 2.1445196600108836 0.1784320245563431
4.805766648739986 1.0527769044564015 2.676233841587395 0.041006198699955254
4.993279334749231 1.3796311191012183 3.4636988766564762 -0.17592196178545239
5.344932979843631 1.8555380754954733 3.3348338699604616 0.2644545604822326
4.365678225877803 2.4321736017468347 0.7379989646798577 -0.9151826722609755
6.008725836860413 1.5622757400972247 3.888137353059771 1.5964126677384372
4.523977092224772 1.4477729381929632 4.847184756460195 1.270936815954848
4.3395285699228765 2.591172356480431 4.298504699980843 -0.594966634895064
5.008386873729461 3.19547964033439 4.087226358865632 0.5371894167250117
3.5081620065828347 2.966386943888725 0.771746090198765 -0.2643026436954552
5.102832155337962 2.2138821248006506 3.961424384815462 1.6875399791003978
5.634441363900664 1.836496773487663 3.5349239617539925 0.7139103033567348
5.665189606177666 1.1270849417769313 4.625926645291381 0.4531468821304847
4.457970980932094 2.7876573230487436 3.14593846188404 0.6894396662736904
5.789034137936749 0.9966865154987694 4.238143198096984 0.5593622501839056
3.9471095549125574 2.1784542585598246 0.6865334174582909 -1.6165101270269366
5.715658598991352 2.31402617522151 4.582628249450287 1.5596604704897046
3.203370336369811 1.4088122380007144 0.32722966782569496 -1.5667210757336976
4.542394341877589 1.7294679929034538 3.01102786033753 0.4590113902906201
5.093732183448972 1.5139500705210254 3.4848406355661825 1.0045667126025735
5.060772606750007 1.6250401660454998 4.404162328519839 0.41009317301985115
4.161806189936836 2.7785203124329345 -0.02535358634765661 -1.9652384950746316
5.204903679548563 1.7623424850160654 3.802538207407593 0.14126453007785145
4.351700219651313 2.337299724475586 3.183939915382953 0.0043683632461946065
4.428801550729057 2.6875391512468187 0.9750090862807785 -0.6085833063901
3.9203250519000394 2.5285324771990627 4.0496230610628805 0.7973982340710242
4.708672803683541 1.6280408533374995 3.881126189493589 1.4672993297130437
4.508236418046474 1.710519130258634 2.7748231161072043 0.08168223045815848
6.366083558162064 1.961503142242577 3.4982207891495487 0.5585914175551243
4.322906216353665 2.236936813537066 0.5040358377958316 -1.3373658694389292
3.477013282561039 2.5829990380351218 0.8899024271029622 -0.4541488586316403
4.775181628948161 1.2212856232730838 2.601302217855129 -0.19236082530674103
6.2181268773988565 2.303237301374614 3.5817267816293734 0.2456799784561543
6.509461485119067 2.415225870403284 6.044005831826734 1.264228954254141
3.3914516972906137 1.9195583717955809 -0.38211586207280535 -0.8123102662597361
4.064481875321064 1.2404004196499478 2.889354807334559 0.6693334578179257
5.48851175784983 2.5984758953927196 3.730804410506007 1.8027082596410158
5.468326466784294 2.09343903040233 4.400332216022552 0.5532563512554889
3.9903522390996713 2.573343461111265 1.0918740457365144 -0.20961657954389473
4.093287610093329 1.8690622260249217 3.5658308754094836 0.563834212677689
3.625885213744411 1.820138323497928 2.8839891443953403 -0.6265806354505248
4.339755437876447 2.217663503003524 0.6214076974377404 -1.3459954427966527
6.282192718792878 2.425717205483404 5.374917499406244 1.1883471076347736
5.009610580501544 3.0912414223291993 4.636320327783951 0.6408534242057526
4.579814366401242 1.2923565661559455 2.9096217686541834 -0.586033340187752
5.410006232566117 1.7466016115841916 4.120474914635705 0.41055287240359184
6.560957388279627 1.6006319251793761 4.634988068189775 1.0317436936525428
4.685787539690781 2.4123479530887812 3.613127220262445 0.13041785360802916
5.079635482356631 1.8240152416189426 2.8770737363976684 1.390766609156205
5.353675765953082 1.781136692029684 4.688686477408736 0.7107471720719307
4.272302201931477 2.8140501446478687 0.3794646702884763 -0.8980554111953866
5.783849172585711 2.2502585986781627 4.772661648898675 0.0012483163444476642
4.092937580744897 0.7516187166367474 4.039740466067811 0.33589261202848064
4.9735517906889655 2.674200842306786 3.200902665044266 0.3500144693131526
3.9155434780917684 2.398327947449613 -0.3989725930095529 -0.2027568442084618
3.924526585206669 2.337777722990977 1.3043260262730931 -0.2804246048720705
4.116998732677054 2.1977384988645063 0.43172682997081835 -0.8785873962345436
3.138990557558178 2.0615187660407934 0.7090003477092877 -0.8426242531757797
3.4545958546142064 1.3921019509595731 1.6856913315559932 0.04690732272037157
5.328402104278569 2.2579094602581438 4.259558563946415 0.9185898878472227
5.973664959663988 1.283036423206454 3.7508853557704898 0.7912657401928527
4.299827910671253 2.3147960598410404 0.5813755204651078 -1.082086749668271
3.9707107249783347 2.564405124376834 0.11732532828910891 -0.6837322715545224
4.836255946218942 2.8652303560466508 3.638664088330864 1.4729551188891623
4.657883815180893 2.6594640267712624 0.9604029557882686 -1.3096082538829408
3.0226345555769556 1.266932442245332 2.1966101323554708 -1.026876624725408
3.6860034884921022 2.3733359302315424 0.6047122154167734 -1.4648009135795792
3.603857133356021 3.7584724825661944 -0.031949524551742936 -1.4724945416756223
5.312363908009468 1.4753979196066587 5.206248951263921 0.9117628605055539
5.878667708843581 2.536625961184744 4.657792430515944 1.7920823969612791
5.221532168465492 1.472752319100397 3.7100385120572072 -0.1187390881674606
6.752983319638748 1.6207091817349846 6.0025147605622005 0.8218965372724698
5.355623183441057 2.3930161186434518 3.274587367357427 -0.04600558785447384
4.997346098018115 1.9780241131680496 3.6566230826909005 1.0759692973519168
4.85520074846106 1.630669750305714 4.663839554774342 1.3742864039515925
5.156169153119054 2.495348075415282 5.399949218403449 0.9366428206735549
5.315577244961244 1.8745605970616366 3.790323485194845 0.40186939336365546
5.207362979600467 2.456344710300589 0.8987596175779053 -1.131088629795289
3.675556147133338 2.145605848272708 0.35603200806508006 -1.2620357376351319
4.497163983864974 1.6818485732220316 3.142621575720185 0.5763633466139904
6.397257631614144 1.6014009075189723 3.242853634110703 0.6752105554181904
6.130877582096602 2.0382293866948915 5.903721113379321 1.8797668866550044
2.386351185618529 1.7058595188010743 0.1091685025579534 -1.203863694568168
5.455943952301437 2.3655633121699133 5.174129214231677 0.40293649094244444
3.8432796870054444 1.8604546856240698 3.4663390487961276 1.7382357922360496
5.138541076321577 1.3447668084501627 3.0182262454699007 0.018672637131268655
4.497870424633577 2.6457832094124587 0.6529985848092252 -0.285262935549942
4.038849369867263 2.6022658364302536 0.05796802783793065 -1.3552747602613184
4.049686755113276 2.7224164806230764 0.12895844493406838 0.1151244488180223
5.055930038928067 2.3321974789505946 3.9743980756098507 1.2691704501088346
3.319029820201016 2.3476126679106133 0.6559226565184877 -1.7467131178733661
3.5727187174252064 3.0846990896886317 0.4935146540885096 -1.1731391826320168
4.178221757034052 1.3917639430600885 1.9664988190785306 0.470946699167921
4.3142351442614935 1.9536478381329947 0.6028541630646091 -0.36701964323238123
3.6557305325288656 2.782904654013634 0.26206449850510616 -0.015488709091425579
5.473622142743192 2.5272048194767605 -0.5251849282863503 -0.6330911972852573
3.694224914979281 2.112960787946969 0.975558142477839 -0.40012559134441145
4.46324203190422 1.7159837773172062 1.9588646368490168 -0.7347618800598559
5.043165584560731 0.8555353999081294 4.330249697476942 -0.03136834398341293
4.444634094460259 1.928800040717213 0.6752794753254929 -0.9253327595725598
5.647075848307606 1.7752086481110987 3.711358248894255 0.5016416157149991
4.473286105556412 2.1043071018214956 4.148511475431829 1.5672466921340171
4.958321945822913 1.9491625799408592 4.3336309039003735 2.686671417611718
5.082198287861066 3.1754772150667123 -0.2386609289624384 -1.2367800071486694
5.260750149862121 3.1467698957576236 0.7374157441027189 -0.7650112095325696
4.325472229207832 2.6660398703922357 -0.0493210549080052 -0.6137379867280952
4.732681414633856 2.0087926597651835 5.1175242038683635 2.6162930772391064
4.216821301795006 2.285987410024873 1.4829938593556422 -0.6300418164319818
3.526331667264012 2.446905009333654 0.1809465133866459 -0.8983521792143538
4.386525613372781 1.9550688000949006 0.5042738004553405 -1.3170981118610021
4.684939427929191 2.7426222951770325 0.6100587544642426 -1.5646326178818837
3.9541529242673166 2.4059357959423684 0.11053687616848751 -1.0760539133276386
5.564930065861366 1.5206921454493048 3.811645043719877 0.28815230378442713
6.377948684804125 2.9946467516157447 5.862647068350355 0.919683030887074
5.256530715865734 2.6022365407065595 0.4903192205275745 -0.4993902215130008
5.312759613221773 3.18622123233394 0.6037916387425839 0.12704334059735328
2.845574052290194 2.0376333770408177 0.019605405717023405 -1.985914901365697
4.128713515218237 2.3841361398355723 0.42945001425631624 -0.7603608639113977
3.914607994477285 2.161752301522243 1.457061418112998 0.12102679512840292
5.027619110198245 2.439439175822674 3.9669912236623595 0.5348239152807519
5.5161683455714305 1.393914252882502 3.9487664219054044 0.8606632744120786
5.023364278560189 3.5337588378385405 2.692149791101344 0.18704038754713403
6.426996654268457 2.6986390134873135 4.689669954421581 1.2552633934965547
5.548783034339193 2.221549776690004 4.981347675291979 1.0484836712897776
3.852379517698784 1.8564426573833115 0.25861293272993 -1.4029293078088088
3.5785844264951594 2.2679895713082603 -0.4067271477753105 -0.9076097423507976
4.156971771913994 1.3893481652060875 2.694648817364605 -0.5540023517582497
4.436791694393444 3.283221565165677 1.1531486076662398 -0.42731038889530487
4.458988922145368 1.569457165739339 2.5199705498856395 0.765347367959935
4.552025062662542 2.3995423859859515 3.5118042013226054 0.7514212240985709
3.0853589715471346 -0.041827678121793 0.10866652137948729 -0.8337602999155569
5.189146180173054 1.4632552445823992 2.9045481661265584 0.3435712119599462
5.439280961443574 2.118463444426436 2.0765071844191816 0.10108582348753936
3.814239165479594 1.8660428586158972 0.42117618343413443 0.5648622807608221
5.391883781166571 2.584578913430616 4.296573221259275 1.46223447976522
5.569419529523995 2.4011743161703807 4.939339701691241 1.277635709532002
3.6037278292153223 2.2500271487289156 0.5098954610809731 -0.14591849864764267
6.41760753470552 3.59751342805409 3.221660076447518 1.0261108033966027
3.9461455046537326 2.09942317179663 0.014511860657766995 -0.33064896922406234
4.022070144145443 1.5616129252234325 3.7968729536973616 1.2647497784021562
4.33938733044398 3.584983151857084 0.6727712220793653 -0.9924597846390784
3.141062670413457 2.1516686597065084 0.017518240252876183 -0.00366319883034788
5.052673760231879 1.7301758292484544 3.6715974433404757 1.0281049719503732
4.35936100471797 1.7643648265868608 3.7681655459991257 0.3459114721470846
4.576691450276467 3.3349262897885166 0.5667133602261535 -0.6241285017903919
6.378487837749189 1.7333954936912945 3.410421215636517 0.6775299391647306
4.793246290208818 2.0361717011642293 5.141107907078324 1.5926227108790378
5.0796376497143925 2.4302399194482676 3.4291535733702427 0.5671591719629541
4.426357948648191 1.8060684731640355 3.1929139780921405 0.01221125240060017
4.803359770772047 2.713176025941365 0.8682988123057245 -0.805204039221251
3.5949544029522222 1.9910431983161794 0.41587542763814356 -0.17311647066873467
4.140766738666698 1.8918654238288801 0.18455890819123777 -0.9678214182660122
3.7267637911907876 1.548738759824269 3.7477805334769294 0.8367398279184177
5.7882109568327875 2.342714591389589 3.6995627422052033 1.4007677073388725
4.26613382249546 1.8808437938750333 2.8081345040749417 0.8535833385872894
5.154837954066534 1.5717673965698675 1.105270496963342 -0.4881477076327362
4.5340385513304735 2.02714807046043 0.8472239796971888 -0.1311221156130875
3.3734002376273935 2.8423569887653812 0.8051824390295788 -1.6011300123312044
6.26583585862532 1.7741234812632674 3.6974867632123356 0.9654676842892127
5.410238100430977 1.7262705739129842 6.376441557344712 2.1995168752604646
3.736133640969925 1.40593321092653 -0.803937449874844 -1.4823473288419389
3.1219832773626868 2.9639100184269638 0.3053743586262325 -0.756021438536906
4.6790927729929335 3.165228094941018 0.5205964603039487 -1.8246683286779228
4.382432773123614 1.967740777506949 -0.09550519857267892 -1.5331224840011635
6.225425533478218 1.7306519690969182 4.240403977353681 0.7413695693839388
4.640071145995341 1.5077560702708046 2.5901422997382313 0.46014248670791735
4.3540850233225346 1.849732539169762 0.30661167121311994 -1.1494793779863908
6.7607063341963665 2.75510563656756 5.824161807792827 0.32002462242141894
4.813794284028614 2.2206423520052923 3.9699431055086483 0.21680913327977946
5.944616567595044 1.146651045502982 3.282202617953232 0.8855248073398729
6.2051984408252645 1.880619099516117 4.574340462415253 1.5070946236630383
6.817639720101087 2.066437634067273 5.464207514367971 1.12064289623682
4.198001006350507 3.1597812338713283 1.7506489274366968 -0.5099590952274513
5.683345110556426 2.3179125769834323 4.3569475790956105 0.7288572146708983
4.437678084423759 1.9423765551864627 4.612409791931608 1.5359285304331427
5.427278552181242 1.8720510700648283 4.080205575072165 1.1540560928876036
4.804684454456638 2.187487372484715 4.393302670087822 0.6245775681611954
4.643951240844108 1.5127461990425055 2.9116693592247094 0.7013041476934146
3.3763168714472083 2.3805114919775354 0.1102154258290795 -0.6109160199963316
4.875894745719805 2.5920064274536143 2.4994042225182382 -0.8851330001119241
3.436562320865261 2.4254358191943766 -0.06779603614455443 -1.0538102116133328
3.6533829037427066 1.9197488802303653 3.455548429479469 -0.15715636441744074
4.647950259700332 2.4942369014068326 1.109259028601917 -0.38167751641234815
2.6560630321207848 2.3853211368391243 0.008348944077149145 -1.2608297235177643
3.774316902043127 2.1305833123975404 1.1177195095385097 -0.7941246261826438
3.1011104902676934 1.8821559627762487 -0.7680394430560695 -1.0448980465608575
3.321374378246023 2.52829785166789 -0.002269061790302729 -0.6304014406179068
5.029317330091262 2.2277505959154125 3.7593585023226113 0.16765744249579595
5.01386890899816 1.1830355574145626 1.7071370911034953 -0.2207274391480456
4.199239002430183 1.8900468114407822 0.3146452278792422 -0.9191028217069499
3.7420904643171964 2.2975995352738017 2.908655335082603 0.5318250489233581
6.1584458014131505 2.3517064134799845 5.345763273185048 1.5784670738715916
6.47327339649117 2.6064793911899335 5.184920943954259 1.1944110401685895
3.115112769793833 1.337839310626478 0.41891661101407396 -1.0968405755779242
7.013401819164012 2.3039147046863557 5.284692542697014 0.976127674655872
5.590539288100593 2.0412869966194522 4.6210595683133775 1.1944555564875332
3.9891954729130834 4.079702210921402 0.5648423222745125 -0.15019989869843664
4.568035863348577 2.643741057268245 0.3510774361429747 -0.26698533061955104
2.9081418364228435 2.770560323759547 -0.32628827782815706 -0.6563002726288591
3.5455987990765467 2.706028787494323 -0.5000300366121362 -0.6274883896959824
6.604839218771106 3.046165883387153 3.7275717942548092 0.7143683770250158
3.827979904166399 0.691398198188423 3.4058740029138197 0.47336126724550276
3.9958102258707227 1.5767769831059781 0.9911295741285375 -0.8880232578793079
4.282241316107223 1.8960609597268823 0.5723222858394366 -1.4768922306849517
4.814712067149012 1.742830678727329 4.015625483995373 0.6769801142515925
5.705523434053661 2.192344527365672 4.6083096169046955 0.7580351195151681
2.8009233888970715 1.5717216113469301 0.7068157781491422 -0.6043117598858452
3.9300791840860128 0.7103337865544752 2.1792916965063815 0.5842543224817582
5.711856235241704 1.6377751292985137 3.7764049379890925 1.4320788540044758
4.139944720513216 1.1820967386613215 1.9322795555843768 -0.4618477987953653
4.281541537363095 2.85237215004223 0.8304680235965332 -1.4097664950845348
3.4409426645838233 2.8602609954008416 -0.8690502915906169 -0.7506524672914332
5.982621108075484 2.454853439017769 4.992809612411854 1.0111030125280884
3.795702809213502 1.3041903163312942 0.43305973456042646 -0.9080127561284423
5.459099571110091 2.6551219475510797 5.248259362836448 1.2887696730777853
4.32639152684845 3.0332307825328586 0.04026299076899664 -0.6037072368871443
3.673173937419813 1.738868797273 0.31518105584906486 -1.2190706068415238
5.00144595696168 2.4770146248713205 4.074225991157922 1.3269984431724438
3.508899748802592 1.9742879574540657 1.546075730681273 -0.6460567686231594
3.9783890383323 1.5369729136123782 0.25278927931342077 -1.2225511431421665
5.318716891029516 1.8009729608636333 4.888656093264018 0.9668817688582956
4.083058723775904 1.2177618210252925 2.9450547688828657 -0.3975715795348369
5.789878525464776 1.5367014371993795 4.4361784851491155 1.4079197417738882
6.940663873726635 2.945887863023676 5.361093228682533 1.3899788270471538
5.203172712114118 1.6906653452026508 4.069590187947144 1.2072953910042041
2.930702305790729 1.5785172308842577 -0.6157571241923114 -0.8937475878764637
5.430098525790984 2.520191539881427 3.7567448440039697 0.332373839552213
5.3781685141869815 2.3821965454511425 -0.048136176141515996 -0.7965085642956098
3.81754800969464 2.7745582921018506 0.16180755997984275 -0.2705158769048028
5.078808878556167 2.4023985941346604 3.934161127422085 1.0739066051275894
4.681336325129248 1.3098708879779484 2.9922096206151663 0.2996741583216618
5.0070263326719315 1.582934510153147 3.56408029405421 0.011743832814094857
6.330106930500384 2.0635836716353646 4.608606453952936 1.430082738186964
4.5769931055134805 2.7072800320584536 4.529584949653687 0.5602136388226664
4.054054324771147 0.9399751228307212 4.024644294813278 -0.47923951963857503
4.12015607821602 2.802633854157243 4.594816950813371 0.8929523026620083
4.8736819523157555 1.3499986512126942 3.4921343546230705 0.3731645524460081
6.588385605181227 1.4233093843566014 4.706876097461901 1.3328125248001055
4.02836648300436 1.7094165923855928 0.872494805151945 -0.5872988765624079
4.458646412889739 2.4339119812565992 4.768006930834287 0.4551623494210446
5.443435235967554 1.499936246029221 3.9521498435733307 -0.0022573622911610247
3.3801097105798217 1.6159436678543524 4.1650368444676955 -0.8964575914819852
5.692166025480136 2.4221825362911837 5.0148362765643055 1.5838928760987994
4.9613244072739295 1.1333604960743613 3.2943981927834685 0.5483673365085295
7.014315017653901 2.767846552500928 4.207438416944507 1.2252874162766094
3.857426054546522 2.6474295444789337 0.8449728325438557 -0.9942193235790968
5.1681593699160135 3.0033423988639294 5.289268137786548 1.8226178604815448
5.271907084226319 1.0872916069463636 3.906870587226426 0.5241604607841834
3.787578589022248 1.9546815470539705 0.726473326302148 -1.0080113227944107
3.337541452678766 3.4387255623089836 0.05262622083299684 -1.0922033814239682
5.589366170280963 3.0128603255142865 3.558736327388595 -0.7342040726568528
5.159341028500685 2.0948656100033447 3.9091067321491604 2.409115109552509
3.785399462310147 1.3880404524357874 2.2509916269104138 0.04628926494814112
4.726979831626149 2.3211913628488583 3.7038157113883043 0.6859600366956307
3.53220327928241 2.3139404841383686 0.9290380690570524 -0.4380924850808996
4.8341767969535 2.802332037099156 4.681103168666945 -0.1920362421289623
6.581874742323623 1.3353063023382776 6.39059452478826 1.0930257224840665
4.9302292738305225 1.6141889387579935 3.261119260632315 0.4493696379358494
4.631911543892986 1.9343598222830063 3.792977404955235 1.09258009493231
3.8846835394905286 2.9303671210193123 0.30841604921151 -0.3472891656783513
3.6874499701387102 0.742763045343227 3.2353791742356277 1.1683832338393665
5.2698999425686255 1.8321588227405852 3.3280316858661267 0.5452322786570736
4.137254993458953 2.5567828437597617 0.2028708580151577 -0.6616825249007934
4.209142490905507 1.9243435749624003 3.251971674485203 0.7586983139941823
5.651792836817474 1.9233300930843749 3.5093288954174557 0.41490739221362205
4.744782804618911 1.3764354626473234 4.168936814622172 1.3349425625248919
5.40055431914981 1.8895613161327633 3.4655155133216398 0.3299969769707054
4.17967966264464 1.4146474644469618 2.8345725159018937 0.6373612430833224
5.982851076004377 2.9675510710429176 4.30751372130144 1.8393273830600938
6.220960048845233 3.0887635731701564 4.854194867880224 0.6750613695922503
5.151540432002177 1.8980198789822902 3.7340544423259123 0.022092346238010707
3.192200026820318 2.369183740770114 -0.050200739411346396 -0.3421568649217012
2.915690285337909 2.337874142767438 -0.4196937103326941 -0.2887066758386238
5.4506760294720396 2.201617456263196 4.350766624305295 0.8466431520371804
5.479385164694037 1.7279458891427848 5.094270243340426 0.6042690267365334
4.949414638751647 1.4025394662686599 2.699063521129435 0.8093480880086824
6.809660206545612 2.24266695958508 5.753533932991151 0.8929671946628175
4.238311419366401 2.489297415073545 -0.33392956380623806 -1.1903357466494369
5.588073812778819 1.5475992094733502 3.9998608490168466 1.08442552289613
3.7160025976928335 3.3016302926928454 1.116066806099728 -1.053247185689886
6.909240142253815 1.856739638275916 4.101529317931535 0.949840741971353
5.461667507856642 1.2871017927871033 4.136212604460479 0.31414446120117767
5.737615491066306 2.4949373407414535 3.7000583416707737 -0.17100153617542202
4.510596395918497 0.90945403091618 2.161833347221897 0.07845791884737607
3.874403370497798 3.1686840759138675 0.6477762017979897 -0.890224774769953
4.122827776818935 2.285704234562278 1.2167467558499272 -0.7839389257867012
3.9288298926658953 1.4501842801586848 3.2167257208032884 0.14720879597886127
5.299144900657242 1.7245940676523763 3.9632413358064786 0.8028155117074398
4.3963188893273575 2.5542001670256007 0.8122296575641779 -0.6234149340074507
3.4410749681777264 2.0598213894532105 0.08532743304486168 -0.9529347735641638
5.253899769448664 2.101690045352361 4.632654984774764 -0.3426354412203352
5.063514625446871 2.586373002862918 3.035810157897757 0.4338097735871309
3.9223808057491674 1.5367629040005468 2.295600710116937 -0.27103315581590515
3.691893128511487 2.040871875706823 0.643738494581391 -0.9106841221034898
4.829331139907588 1.2679028989623837 4.203195412642892 0.866820172638383
5.4170988522063785 1.4386199369789952 4.174932830128166 1.0748011308753218
3.915411243309867 1.561756800712597 2.478244042646778 0.6244268975023746
4.551565618107297 2.0263826493883643 2.7804380285864445 0.8349442274844401
4.878231574311124 1.9382647802507411 3.366784735980376 0.13111226732294612
5.108177733990446 1.82250326065145 4.260752205150069 1.6555759640846333
5.492432434363163 2.451160889658244 3.646232075442156 0.20474783048970746
5.305256960860657 2.019625327223615 4.864496712601794 0.7993141997559237
6.572402656109809 1.4304579175810463 5.310137848122947 1.7959913450165725
5.7757030575511585 2.1877907307607822 3.564046836434188 1.2388986864293712
5.322380319688856 1.4798867885259739 3.4284982429729483 0.8087410038367621
4.940493231134067 1.2256599928859084 3.113789773479324 1.1983838424221311
5.339322190535843 1.9151935647148737 5.441895186437901 1.3572478290351606
3.7748749960921715 1.7062524409682667 0.3250070162655989 -0.6160501362539192
3.896823765818737 2.1346984763096155 1.2746912143868077 -0.22915278893959584
5.332828616548547 1.4796740389272678 2.559610518901583 -0.2625698567832804
6.668895411429402 2.5350219847361792 3.720144630684291 0.08541808324539968
4.280554546288484 2.579080939102327 2.3491092829155087 0.07494248676174342
4.904138018892186 2.0873747038695933 4.005640662834343 0.2319157663320428
6.5345606041857325 2.5703750750645247 3.430277940759862 1.8453502869603515
4.364583798599599 2.2330789211971815 0.6685358798911936 -1.2727838289462474
5.774194919379477 2.11207609865577 3.4811553436477825 0.5269322264947427
5.332338882296648 2.4517529554710227 5.659822728648649 1.5425926389454374
3.823238167751157 2.237122549067383 3.4586069951540055 0.5051214737872433
3.8298625887442936 2.2734317120639354 -0.16410094482480675 -0.35255727290458766
6.701679219168655 2.251992846403128 4.362675080233614 0.936948129050722
5.070626035188654 2.3725530072816943 4.020211299293879 0.6523622402237499
4.121376343025556 2.0079801652186795 3.2551301184855053 1.2045430234342276
4.98494476270856 1.301677679814169 3.3435424281837713 -0.18867214520892905
2.8993573961660077 2.200138077412321 0.8294943751465896 -0.24714279452109716
5.264527803755347 2.0660256121155856 3.3145991984551686 0.8083795049854241
4.649849275237412 1.953382950981667 0.067510923298298 0.7186101950017227
5.882853061063626 1.2416210046188862 3.486348127585408 -0.1185253472441048
4.189254612728239 2.2336026280285624 2.826919159138948 -0.44983375604021747
5.179881057283833 2.2622074990981202 5.487162435267904 0.9549483636987097
3.2871155672307877 1.910869275828066 0.9692663176010452 0.015019974921651302
4.2434157134871935 3.0557129735223283 0.5569047099458452 -0.9024755869469886
6.061460881801559 2.048477991770697 4.515367145603547 1.3565154870846592
4.600099240752697 1.5980422491100277 3.4167163472431246 1.118462024252484
3.504278647131713 1.684395256814417 3.3461940672735557 0.2655163254629753
4.52160377802078 2.641766531103656 0.19165605459975943 -0.7674568067707634
4.509381577971947 1.4620336097092292 2.7559229165189816 0.0022457708539160848
5.096739495166035 2.4689345918695573 3.349120666860269 1.1688857625859543
4.195552051985368 2.7501128673220503 0.6583291160544869 -1.1218726088024942
4.773582018107772 1.2637680781877665 4.606562464728375 2.1417453989504636
5.6784563491821 2.2426947795632697 3.136311340806508 -0.18292622098851052
5.556691995361701 2.3415246417255084 3.5587540024547297 0.6221882662221749
4.987663385758296 1.9317440801262231 3.658991681483034 -0.3363166553939314
4.318716498066659 3.0111419495189446 0.21556297451245077 -0.7684203883156816
5.997386989547574 2.0163586943598157 4.379153845850476 0.9495338560490707
5.871478617471908 2.9441866617928354 3.459873248670074 -0.1104062481372412
6.986684757988513 2.4634912048873314 6.4996200081628865 1.5361762037413442
4.128784479912564 3.091038731752763 0.2722983273324193 -0.20385756224674018
6.091911382270869 2.7468820140644774 3.8007932016763903 1.050670130830783
2.7166024411026592 1.959143157679318 -0.9703372870079721 -0.9351413283244674
4.767977945816489 1.7684864959133404 4.358112253347149 0.6144688183930589
5.101791728802838 2.3221017618102895 3.8314135444577015 1.0821516134640585
4.695223749014961 0.9740367116752484 2.6868371129140063 0.5225503326950391
5.176333388314394 2.2272084697081294 4.931722630132632 1.753814032811956
4.089103605811578 2.077510525397339 0.5966198003920063 -1.5100243021936308
5.559701365368108 2.461948020334151 4.843790038045211 0.9881006750985941
4.455768667406841 0.6279008204316212 3.2194962551685604 0.2386821437554355
5.041865551107383 2.066320484787319 3.082557235603187 0.2554649138595002
5.258591591145988 1.4655293663772588 2.7690934435388916 0.5170690255704082
5.777768952418189 0.9876306696393264 5.488076408553954 0.6228997260170651
6.247463112021526 2.0824288647958964 5.985162685121678 1.563313722513691
5.091236175056521 1.6342386131727324 3.6060955838385285 0.8549534789661781
8.112858208077848 1.5981409894900742 5.930595703304219 0.810603954701931
3.2729964990984444 1.721073774671563 0.5165819564042646 -0.7107758556600916
2.9243594111237687 1.5982870747726716 0.22899564005907913 -0.669895360060351
5.196060195478343 1.628731699453005 4.144478110910068 0.5113374589091073
4.399783633998907 2.1884248731795326 1.166870727162054 -1.5124414635093921
3.267989407130549 1.6752296995299132 2.88804956293871 0.06936010350820454
5.794766232144814 2.358180018992111 2.9561955970029183 0.4319862869880988
4.942947705634179 2.4065620675863246 1.4791768315599105 -0.38776748256306753
4.215081839771174 2.4578262415193115 0.3849790163297879 -1.303809405461361
6.392086170314601 2.2128407169106517 4.852901940759718 0.8089605514308118
6.297143421394483 1.862731543884709 4.274930207882004 1.0547745939901867
5.14408484429363 1.6232575757805652 3.447692505150034 1.5595330164184027
6.226027399916704 1.7974241069306918 4.964231232905863 0.4710447967841582
4.071616363823707 1.1488883673147336 3.669834256560647 -0.016320996001400134
5.001403135441926 2.747313215486849 -0.004298637070125455 -1.2425829862373594
3.9180053472045273 3.860075456002881 0.45534790578333384 -0.7742888937590471
4.788691342719977 2.286036243213016 3.9860666112662804 0.16890560874734573
3.813081435457203 3.327154649691151 -1.1176926265552012 -1.481693161372575
4.62844348517474 2.275824467593093 2.924802868103722 0.6081141552208824
6.208489918646767 2.151771657123955 6.456497745859394 0.8276743982171475
5.479728436688404 2.363163085726338 4.316117106036584 0.6689844181648352
5.88019410761487 2.6589593012685437 4.713171686514016 1.1899482254835587
6.4573404973694215 1.9173157634766869 3.4723343222899627 1.2034729371502977
4.375137532920837 0.393459136065508 4.027526722271305 -0.0449021396988214
5.37263316747196 1.937773518948093 4.421808433537036 1.0633108858379468
4.458325411346626 1.9682759331221273 0.03329087817730292 -1.3337145602087144
4.600781656049935 3.030982528967367 0.37266531132434144 -1.3177343866679847
4.0202400684098425 2.257046621827752 2.7578146361753 0.7480503783258207
3.9575840585203514 2.122074737088151 1.0165813683267055 0.05840027604109993
3.3947014750141977 3.201531345193115 1.0617505981406878 -0.6118115415591419
4.397735436984702 1.2944530275230846 3.4286906579676515 0.8977269323823212
4.578152883150242 2.2318640031747496 2.892002750088067 -0.12249792825578432
5.012040811799576 1.5661646115209065 4.585254658824153 1.4949670258024685
3.8611140300796434 2.89542798301308 -0.3244780113834471 -0.8810846839395511
5.724782997520153 2.5216898254966056 0.6817021137267018 -1.6233949150682976
4.614954600954285 1.6210508711039946 5.627519949387855 1.6853827352976827
4.933334775227753 1.3844985071391727 4.529179987989308 0.5644555291817435
4.506028625765618 1.3967446066576394 3.557533314952969 1.1777732686751863
4.5053066443642535 2.0753506502308525 0.34433481284615897 0.28566029172789614
6.7590038703250155 1.86988787156165 5.195754676015359 0.8076158975549134
5.4951055470468315 1.4708283397839959 2.6111167261809434 0.2815098030645693
3.592613765744626 2.6686494734499604 1.409248729099561 -1.2285695286038143
5.596622926902063 1.1796017314194849 5.150380379060129 0.5997429726701353
4.806544160714624 1.3667955269262928 4.066013008093291 0.2997931668035685
3.924366454948477 2.908858509694323 0.3281368525248367 -0.6410704194418071
5.005041820932135 1.8653036458148107 5.744722250515407 1.8695003103702494
3.9871421141410095 1.8532638735471547 -0.4610793928793431 -1.0688136593963993
4.2226154446830035 2.639740328826227 0.6034392827866889 -0.3161866436765542
3.7968147977847155 2.931775885840719 -0.28370587445768547 -1.721009529259834
5.805380991065218 1.6866930483474818 3.9064608569515844 0.2337648118079927
4.533440641935447 0.7569396195292406 2.781431977157811 0.6819530411115593
4.216800741090612 3.335895554036892 -0.24268603759499174 -0.7484521751180697
5.41965740464104 0.5706853857638579 3.5990093527913745 0.31956282309569994
2.810771393500486 1.703872681488149 0.6938621104669931 -0.8260627221846593
5.064408486862174 2.406728256390754 0.002039137915741396 -0.11809771729726892
7.658651862692648 1.3273735504941289 5.048045514185139 0.4113482991967805
