4.309620383385681 2.0449783669997137 5.2438182007397245 2.099235145112126
4.528496655709006 2.583532373859707 0.7796224576355111 -0.4973489305756865
3.6127707750129723 2.956289158660622 -0.14258892371922238 -1.148603381315977
4.8714588918413115 0.9586554566347321 1.5870617538376957 0.09978349652840723
4.939453321767635 2.5804983256399066 4.215424679513288 0.5051273187143588
5.2688598254222825 1.8884157576135905 4.315270408887303 0.21865196408288057
5.647599676504097 1.3716910049907411 3.169303667667393 0.49389561307428154
5.548205392982714 1.3979565567803491 4.682017218668284 0.40452539046663416
5.700410642971916 2.6092945399845813 3.0674311271784775 -0.2756674855913803
4.847740771252408 1.4075860951542374 2.678705472960856 -0.07770876779379354
3.7845446643152867 2.4768491456735755 0.49349079466976153 -0.7855204890117136
5.809857078353586 1.9978541397959433 4.2112961446805715 0.887747649861027
4.923044603492745 2.171062514158518 5.689266815629119 0.5894527952515227
4.604046609382216 2.59470629910186 0.8720390431903023 -1.3251709037214539
3.9566863278467186 2.0769204919852324 0.45225219247900983 -0.7623724856203398
5.784032015122101 2.0253349385476858 3.6187381089927664 0.4347575773609096
4.846116326266046 1.5446029261628782 3.7568968784355565 1.0478678370788463
4.087584508010856 2.8416199799220077 1.5440756140052387 -0.15262917774288393
5.617072342706169 1.5633977034299478 4.795211982796132 1.5003599014830145
5.39861145552874 1.2176099711324744 2.66770426515024 0.5740397259691588
5.5155213310617235 2.5734235075039704 4.768809427521484 -0.2391843574729844
5.176510558231503 2.711490266943131 4.861713867401028 1.5055353926867985
3.6074634515752066 2.381761788826733 0.4413026469938479 0.08763812192147491
5.492600800805325 1.8676397693921891 4.410025695944304 0.07618575973396147
4.0398319017130415 2.6263734908313072 -0.030633618752959446 -0.5312662080986461
5.996416625440114 2.5836671733661047 5.182667486734389 1.0100457295053595
3.905003210444855 2.7911944036722036 0.5775995565636542 -0.09623333040980403
4.033710681923694 2.6149701286809925 0.8151637258040875 -0.37294898281786115
3.638080091029853 2.1617746112132448 -0.38153173214175884 0.23164775939148197
5.994406552209577 2.1414831499849862 4.5521276967322315 0.7828435567458516
3.313825525968298 1.9981675082514676 0.0974784365192436 -0.8092605065614924
4.384121823649639 2.1514759638654315 3.899260587070052 0.634529784047337
4.109665445800544 3.228659680811562 1.0807783130364617 -0.6501606581416645
5.554226337739242 2.337992825182215 3.3271618570720074 0.7956482542891226
5.63460730617428 1.654566599433458 4.399410150135679 0.8725225178713946
4.883206829076894 2.4339182711667178 3.672387901451092 0.9882260594187092
3.737859751351883 2.5498470042868346 0.329690582527153 -0.8818438623573466
5.968590074772229 3.510597860264933 4.507497973553328 0.9229580422069772
5.308253003012767 2.3135247138306094 0.1930574167782262 -0.8328676603240603
4.7813153699802164 0.924522367560753 4.511897838420717 0.3174119532282149
4.474880895389546 1.6922901221474114 2.615790894840411 0.6614212018138883
3.4334894891994097 1.962780503035041 -0.33769197745690627 -0.42534484809189793
3.2617380279345154 1.4663188694368794 0.7964582283646713 -0.7948788109910181
4.705463670302397 2.3346218490535513 4.176849242874846 0.4770860131883623
5.256957323826786 1.3884996688108293 3.1480157490975533 -0.14480816241787697
5.054109195174982 1.1890460638785527 4.122411528477153 0.6036031500863075
2.8836638242621637 2.07229525596217 -0.667525433592993 -0.3469378032007248
4.360970380366346 2.01757652222566 4.54593461238209 1.4397189037026905
4.494042031564477 1.0961954665264844 4.3742248464614395 1.385473236628367
5.35930938965109 1.528199435113053 5.635060210060881 0.4178457819135415
6.237352635968177 2.5766027938245912 4.079889308858695 1.2560068726320321
5.076434900400429 2.197086233642114 3.8330934582420504 0.7990035680734198
3.6424012693301355 1.442926293128115 0.4722056202829684 -0.6050020429666735
3.491538185451566 2.2147277690271023 0.883426901178036 -0.32749819752587267
4.084577962121709 2.509580993108394 0.41059774162113494 -1.1410860149533926
6.011033775710468 2.344847238218545 3.4858683914391033 1.0868434784274692
6.917558977540735 2.164303723234278 4.289215325404755 1.36477701879864
5.542291794018756 1.9844450934169608 4.25603903181625 2.072360543377111
5.033261243688102 2.0766189933032764 4.632379568292723 0.15252340772874162
5.78018809087507 3.2879269641947264 4.616032184358579 1.8139274051584051
4.132728348018589 2.0562088598219512 0.9843715640793989 -0.9352783331224153
5.912069326988236 2.620784435118231 2.957972991353544 -0.6699697749072131
5.917134703394923 2.051242418804173 4.3344677549825965 1.4406644094948708
6.248474176879748 1.835508605311713 4.3257937509215925 1.5294264862919416
5.027810591490372 2.0572198989586155 3.3566524146695484 0.4779549611525036
6.544122538464837 2.241840011399878 5.301610622530771 1.036547099149754
3.878571620828203 3.0781471171448676 0.2879959595037622 -0.34134626476703117
3.90123364178917 1.6066854694613064 4.3390451474784495 0.1000756691901099
5.7646807169514505 1.7240107648387142 5.401056562531962 1.5213169267117532
4.398655723976436 1.3524524694908318 3.441799511805365 -0.34532040334098046
4.892089763121929 1.8275369343979544 3.1377211109634664 0.11618479237319534
4.571204493616584 2.42615913912403 4.274971789432681 1.3108726617377398
5.096760311758938 1.688598792779621 3.653281356826839 0.6856735445799036
4.659729285518582 1.879866288702169 2.124662720270197 -0.47852511383799423
5.774082476687603 1.3552267543886942 4.810045750117496 1.3205581935957964
5.892967694876977 1.5227405347702418 4.530926980595349 0.7705728150908893
4.800652590663021 1.9343856421991525 0.28682256772202064 -0.6553996012812595
5.346034749373936 2.7461630680035074 4.929245017242751 2.1547699137354868
5.45233709766113 1.5112734903556382 4.291464473293926 0.6306414113970065
4.152130749193524 2.5684560570786585 0.10218240845098325 -0.6841158452988702
5.175758200967253 2.218923311456249 3.6024117537426523 1.0958348505398459
4.789633381208774 1.6055289248703672 3.148709183272403 0.9609047144541979
3.8319872038622167 2.1132606380584336 3.1031930934836307 -0.07571757900402365
3.8159935320958756 2.257836585885215 -0.2716444688165276 -1.3442153305710602
4.236909336376969 2.173949373006243 2.962322541623202 0.37436362653488875
4.783214823926126 1.9560960384929316 2.9700088298601166 0.5126374738078301
5.838542934375922 1.6466197338820239 4.969528472686487 1.3633092421559103
6.414298583704223 1.4174697991155023 6.938302684148963 0.6498561483618652
6.587927214433089 2.4190304464081622 3.867119681558871 0.603584454890689
4.492272715210997 2.4770094796799653 1.1414045518570506 -1.231883484252656
3.8861469992489956 2.6163963139170607 0.5184679336063936 -0.5559285536981158
4.297553552545812 1.5098118486367385 0.34254597732394454 -1.3541833917728316
5.190377678282584 1.3459181101101185 3.7000039536727742 0.7126744343580296
4.788566960077603 2.183924565398422 3.730474567564682 1.7021500967641217
5.330861989641121 1.9414174107483193 3.714759618826386 0.6316327707476194
5.829282594811179 1.982464860742777 4.547821893706739 -0.34009313593376
4.7814095436024475 2.1072198827895976 5.825373002465049 1.1143509485519019
4.956102825688597 2.156095550159972 5.6721171715157235 1.6511858156897627
4.379775302757839 2.1320485796039215 0.47167027806330264 -0.8426643040075832
5.454821473984414 1.268717934533402 4.021941997024671 0.24019794603996325
3.807006361981095 3.0512525189603688 3.7742278123231654 0.5290775507341714
4.558991604319792 3.135359510060505 0.5362521146064206 -1.0998084717546428
4.032673533462232 2.0211780391176486 3.0538235529680895 0.511759962838534
5.830652154504742 1.9261249486136474 4.185128673166286 1.115601698520799
4.6338017606121245 1.8036950914558512 2.8822923132343536 0.13937031191236882
5.274534765807001 1.91419053136306 2.72363997773759 -0.14489861762379852
5.512246177057003 1.6736346654473488 3.1937177287474614 -0.498484649681483
3.4960698971806883 2.009520825399784 2.534010246035094 0.7806633030922876
6.158254587337565 0.6316568400939806 5.108886691348338 1.625295175215661
4.0027737688538565 1.6356710556756209 1.9958061507702525 0.07413611333872472
5.429182718198916 2.249096800989765 4.1196378680798835 0.9466161098514052
3.608651916542385 1.087654476519245 0.6016689793086798 -0.21078957210342447
3.9933660762589307 1.914385722338369 -0.039992939021099794 -0.4442793579237593
4.724766498317425 3.1863518444398418 1.3049522200072168 -0.5477891454334332
3.3246717220778645 2.316901598882624 0.2239079679960907 -0.8792541301629632
5.54638883387849 2.5153618339179946 4.663154059714389 0.6258689361180089
3.4418248909867435 2.1057326815537087 2.210853064431948 0.7526724301681827
4.486299287417424 2.549053702760586 4.520520609153299 0.6635900884888565
4.333945152000171 2.7216541653403183 2.5436964572649425 -0.04192165298210071
5.093613973948715 2.406341897775946 3.6874294962063248 0.588892011302544
5.683564861381674 1.7130564993727049 4.674977704441793 1.1154688781228157
6.2173181373995545 1.7497016906205378 4.376393875537288 1.0407186531741168
4.01904747359387 1.4927606664762978 2.0256882262698417 -0.918404301131265
4.5604913040673605 0.9575201607282138 1.6342099888206727 -0.34157669442081473
4.675406294933175 2.12922789403983 1.7821286123809665 -1.5544357638490893
5.578326101588145 2.2659374325299364 3.5196959959119356 1.9886508872900124
4.642103718950384 3.4957587697325083 0.45872230391340474 0.022181818684523902
3.539507547920655 1.8689686657257576 0.17824683514523554 -1.7493158422957702
3.1079109844637953 1.9762022564019661 1.2758148786887342 -0.6907093403855353
4.570718163472007 1.5955326520553066 3.6521863833448895 -0.11127045726479556
6.032496758475003 1.8397462529522326 3.6109552087179275 0.6404965169644192
3.671341589016114 2.5308826425128044 1.2353309130833758 -1.2040244183601392
5.244179635518645 2.2319223737997196 4.824818345348794 0.7241555325736599
5.677200835700598 2.3320229236402508 3.995055083151927 1.9356965432342
4.301100873101525 2.0988729839831883 -0.005964027141996953 -0.9775237232345988
3.650822983562982 2.644645614689063 -0.28131775551122895 -0.7043135372715055
4.277340209724963 1.4001016716416688 -0.2686286352669598 -0.3767706845681981
6.001161704753287 1.3665602276050857 5.273820957909464 1.897482041479499
6.332946956775978 2.5191146486171117 4.572482847964462 1.1383271594451319
5.450901226296343 1.852884128253204 4.883613440539676 0.3136695293767655
4.667610499853654 2.952326933925807 0.2606911952164219 -1.142949061672517
4.291659177510777 1.4360924466885823 3.13941356659832 0.09662404842477867
4.911689572852229 3.9881228206337864 0.941203517162865 -0.9650191613256973
5.035852184649936 2.3833067070972214 4.0875424030784675 -0.23624838431681505
4.17824923787506 2.52722569819216 -0.44780403279938996 0.30437704896983214
4.415550571212206 2.4970695750375436 3.6544252554165455 -0.9441051860105536
6.959352081480226 2.0561964693236003 4.882387209834296 0.8415701661239865
5.776802527697782 2.281182108818844 3.3961402791574957 0.4438323155571018
6.102451737928071 1.8144010356860654 3.3750544465288854 1.2976824517605317
6.32215495677642 2.4722789937753724 3.298202462507784 1.5418396606709088
5.1575809428453745 2.095022339849196 4.248906098367118 1.2850773223906304
3.2518632509705556 2.8181124268205795 -0.18599679543596181 -0.9795670478092913
6.559111466463569 2.5158130862029737 6.072778384001089 0.4874879783838706
5.556583935060511 1.2249713393385178 4.371990867392612 0.41926189224286414
4.821191676858142 2.0031458256561976 4.283211101409496 1.9999997374380654
5.070553757668929 1.2244426333307064 5.014226785194895 0.5471311455653864
6.25678209413039 1.8983833980708649 3.9327512456798193 0.62481877051172
5.599598788735988 0.8356196503349695 2.9836115768722373 -0.043037477706010296
3.670088872227563 2.4857704056871586 0.8891965121813465 -1.163787886928705
5.237454816974181 1.7925319007575282 4.354152203552699 0.858866161582307
3.992116562364256 2.524719300642679 3.516076418965239 -0.3160575546920319
3.815563802430402 3.252113078889379 0.19896492192663073 -0.5619562205049877
4.568575391421772 2.561051270776481 0.21550190801822033 -0.398628660419096
4.725286191013829 2.6167328334033204 -0.2441936036293879 -1.5078740415498737
4.573501941685413 2.7698275165151363 0.5181010413771954 -0.5891520009642838
3.9099867736844867 2.819865807504313 0.5973099860617493 -0.01780301395005851
4.975565820572431 2.1120564491156806 3.147274375594286 -0.03787362880616452
3.447784635610135 2.6412639186230358 1.1765444484109673 -0.35826879739954826
5.1303572795662555 1.5547716593536198 4.502882809055645 0.8848223799944959
4.805030026788945 1.923980902491595 3.1820693403389044 0.07370702767833115
5.499287604216758 1.727029466125395 3.794945135538699 0.08428234719844463
4.828583985391282 1.9566464269960802 2.972900832236756 -0.2812584570874497
4.30337576785173 3.132028958877395 0.21732712078907213 -0.19004136004219402
5.42734650286386 1.078601919844616 2.4982385288656244 0.8723075406242418
6.075755021619206 2.5667657149496663 3.6769776239469394 2.197440578209868
3.047920935327963 2.696775207869901 0.13530398513860065 -1.5176179870251665
5.518339035196991 2.4044856907617573 3.1287362691448632 0.4214897777392934
4.084882203515068 1.6569602276817768 0.7217767855525669 -0.34452562916454776
6.341062555079634 1.660572718262104 5.627011217846496 0.7490457044846237
6.651477351576541 2.6944367919431427 5.3934112136344865 0.7486527115160273
4.669938738124908 1.051671442085998 3.9516314294809787 0.5547128822252279
6.743712858190116 2.115857932542351 5.269269978559776 0.7631385285090375
4.549445593388252 1.5193973447533902 5.065215007644055 1.0794630124706277
4.935055384775522 3.1284406891564007 0.7530859064922986 -0.6326757352466391
4.6097166664457 3.4907364513510477 1.235891619336049 -0.5755965757087957
3.8155137495139146 3.1965711761796607 0.3250266616138462 0.0992778038799948
4.865065095620942 1.4688483154549918 4.45633433919093 1.3078143936461721
6.361599498722652 1.5444454962403584 4.953005320918778 1.4606766065632124
4.0460297089547375 1.826570776850758 2.2440132192986884 0.4779711384564105
5.007607765364337 1.0803408941486068 3.5023789422636615 0.5855883787741638
4.511799912289643 2.8692459448813827 -0.16256898877487602 -0.44446859188849863
4.121668686496301 2.4434029365104903 0.12348338645492907 -0.4214697447892754
5.0693000453512935 3.2500022470982595 0.6793880256084139 -1.4753076622308006
3.9656539408856752 1.9708202345395103 0.36782164398299644 -0.29957941260088233
3.9721145775388775 2.309387726880047 2.505001563729622 0.3456919546062629
3.620764424676972 2.509939312538207 0.14326744233451327 -0.5964255104300589
4.045266898469126 2.6194225940467524 1.20149811260919 -0.42864825828320224
3.847090075582272 1.8616036622551815 0.8057674298168926 -0.8718267403575588
4.5193054267050154 2.007419193790448 3.7554602015865504 0.6200188879543731
5.321634431473759 3.0662867163924528 4.387473466508444 0.7335835277528782
5.646730948037051 1.502183967003991 2.584702487073704 -0.11164731583107579
5.231835348025739 2.1936245889336057 2.883553491058238 0.7145544874252555
3.971980197059283 2.4419587389534065 0.38356492039962475 -0.3019840381993112
5.325861724591824 1.2532015788680715 3.5336324070947813 0.6727092970442032
4.975852358219784 1.2017982056749015 4.611928356685458 1.11818984788859
5.218418712811918 3.705305527843385 1.02804768546395 -1.1065441928949737
5.314171497835865 3.9300412291119478 -0.07941044875836178 -0.2654634141834841
5.361025999400611 1.0411742519985134 4.223120193547076 1.8698073777240916
6.731763172461117 2.3953000094643255 5.672360629364813 1.7648427294423668
3.7510845279726563 2.1058708525667416 0.4325070930866317 -0.5255091990815157
4.981164259632078 1.6513706894770561 3.1710060115487755 -1.0965965612696524
5.328027049124804 1.6919756953547207 4.2657162854704325 0.8234747056027191
4.907729447370474 2.498854309670124 4.662340050256782 0.6274870630142306
3.0712462820610917 2.4440109674293407 0.3988819571815666 -0.2951422991754052
4.166091485493469 2.521448542607756 1.107725592046621 0.34127545318823826
6.1380717986025815 2.603379236930243 6.0479354607064755 0.7063721827684617
4.966116252557092 0.7275328315120131 3.396248585827919 -0.2844396698641267
4.056288809690355 1.9419686076353153 -0.6056182203935692 -0.9608989093783495
4.526058780508323 1.7750989879696464 4.261710775808364 -0.033185113886255335
5.525270046756287 2.2841812952569103 4.236686323467402 1.757792744070462
4.940214581692062 1.856262966885129 4.070505475101889 -0.07869865100708173
5.058005252284879 1.7321014822353167 4.198991153815838 0.9622245115740929
6.05235610314576 1.836742949178476 4.807509171875824 0.3237578839767745
4.303660180743488 2.722743350519421 4.340092773531123 1.377981695579845
4.800261081239673 1.7954590531870431 3.4289262415780772 0.7402458118842463
5.665875851264549 2.517404408917069 4.1803195214074 0.5071756334009561
4.506844114223703 0.9908853801145061 3.091345982021722 0.2330497194147898
5.6320207396494 2.231351501709923 4.577491801478737 0.7863117688113448
6.072404972021052 1.4611011521185109 3.9519988392318703 0.4287379892432035
5.841354642863177 2.7554088298770467 4.9597024934254215 1.6324077751096413
3.5222271009528066 2.7500095536257776 -0.12143257089751258 -0.45298567249392846
5.408910460586251 1.6966439493426906 4.703259060637514 0.6009483072120567
4.569306204354369 1.3549289354904017 3.7783253750349877 0.6617875357337333
6.619323640789833 2.2591790022687666 4.903038156136548 -0.126704554845674
5.481232559015731 0.5747875602677821 4.682197452349719 0.8742900093878339
4.548902529358697 1.9491837621237873 2.61045292842902 0.16253280852551266
5.158093491708365 3.071019806310311 0.8489091693856496 -0.11145319770356577
5.296157977672707 1.4987715854793033 3.4748556993325757 0.9389572664769503
4.863203000843495 1.6966889276479962 2.4912993128000647 0.2420617721987136
5.866133038091968 1.7186354735807197 5.0247460213053055 1.633589797993674
5.983923019199535 2.9300087882448325 4.9435477025039445 0.329090478003748
5.822321557699789 2.6694639180836868 3.68175364124016 -0.37195849085820387
4.491384040292656 2.265219873171108 0.28626115043790823 -0.8611988460174427
4.696114352321781 0.9350871332771951 3.1736863090285024 0.6894029321758455
4.811542892605742 1.4843670168829939 3.120022253828992 -0.7036023890033771
5.244668400406695 1.1779682156527107 4.034677929242126 1.0832787910125485
5.369751410740555 1.5893667191448761 4.32233441979532 0.9082084448671264
4.026284526784686 2.7944216369290453 1.3361976060623126 -0.7819354097724938
5.9053716860720415 1.5685697333890491 4.199036055589051 0.7606535065744988
5.627584632501582 1.8538584641267093 2.414026139273203 -0.047408164768412586
4.53714164471093 2.4192264372284047 0.8496368115996363 -1.6293922141704367
3.1624491530225005 2.484081661008147 0.14715352755771116 -0.5394467248147397
5.779503493793792 2.0494871832545924 5.0473426404667325 0.6000942275285923
3.911826266219091 2.6900582921613276 0.013676098488678123 -0.28932670319194587
5.683246400215148 0.6886704976309934 2.5788561557470837 0.3341819485710721
4.904103094001126 2.5126932527949406 3.6681160770112378 0.14141871780102444
4.413820961974382 2.1506289173065998 1.8139975900043304 -0.6030729262741996
6.840928008191519 1.308640444158819 4.8596481335686486 -0.002171021314356647
3.6458780626529577 1.52103278396836 0.0734252047942725 -0.669430642102961
3.368791617963372 2.2620749244347786 0.8109520425794143 -0.11533426354276541
5.433642450072576 2.754701759830515 3.5713845998292175 1.116285036572995
3.7346655433544775 4.060538935283046 1.1717396863679077 -0.6526516485555792
6.364013199788547 2.1735475555762718 3.706522951489391 1.7456258075160789
4.311215180876074 2.206866105473609 3.745863700417461 1.3224428279055709
4.292511227631055 3.026529821813064 0.16380538101457098 -0.1108247460764199
3.1830396728447714 1.7705492755343455 0.939948473592289 -0.47621873656824126
3.986949599710469 2.139890208607512 0.5314180484420864 -0.08209330689935362
5.10077081326355 2.4936548894570865 4.825704423022447 1.0262738428736378
5.81909210417018 2.449137064606147 4.863218680126412 0.15110322532261877
3.5115629105105666 3.396234897732354 -0.24508767990313696 -0.870182151010152
3.105696224148392 1.8013562524139797 0.2471078418210908 -0.9454002490938334
4.7206125386331195 2.6165967653231714 1.277659742124118 -0.7303656641484537
5.487343818710483 1.6255286233170687 5.015403884298426 1.3539917672235822
3.383152090844897 2.0204047859198173 -0.43972583828063105 -1.51005376550306
4.062502250769475 3.8721354906722376 1.0800938454162916 -0.799194294658986
6.296018629813277 2.965687708488737 5.858724873267753 0.921720285445381
5.173803922196686 1.3477734412740539 3.396548375648421 0.8949485051806104
5.175924067320631 1.1250653686473684 2.3275786362936968 -0.5329362330072198
5.293034663446705 2.0925449412579686 3.1684870603253046 -0.9124224390006663
5.721752921543706 3.1098708891966074 5.505765128531005 1.4549481227790857
3.702013200440737 1.211571645981138 2.784233325343151 1.921567693566777
5.526727569551237 1.3346681173368002 3.6838454455568406 0.7854903166539203
5.43000343429038 1.4568121372784728 2.6957718780866866 -0.04019440467909985
4.048084290292361 2.3563283709350324 3.414465330400534 0.3782845046781056
4.697067544729022 1.866617746595884 3.451555464470121 0.9237140626271385
3.726585344242153 2.8486145791375064 -0.4369598886505657 -0.8358996412104844
4.260089764838655 1.0051476711538079 4.039227304803314 -0.2942775913236042
3.3329624237723037 3.4594361272546816 0.5786937661132916 -1.14068413005031
4.4556864599297885 2.1185867368908307 3.2725660039920936 0.5502143894602708
4.581242180586255 1.5570150025222567 3.1754032824239893 0.5769491912233032
5.639092444816764 0.804497094548607 3.513789240848403 -0.16620880087521228
3.724110793139918 1.6230039428504464 2.9498301689066446 0.49057434185773974
4.454463421778744 1.3535010502772353 2.667524864786052 -0.291638864700132
4.887637229420859 1.6696378945951027 3.5019669953419945 -0.5879785510818285
5.065403470235214 1.2944112609948215 2.568461161909821 1.3999386838911612
4.170121620258509 1.4602629602363923 3.9806388095032657 0.09513976014522019
4.41708207221408 3.0730445598238014 0.58303604144608 -0.8376839160210439
4.468479164502975 2.6420622260798003 3.2668898430699427 0.46661711394951144
3.8715995512720793 3.376162747765126 0.08633733928834131 -0.9414950395169404
3.3928302531335497 1.4677257151819174 2.3556976145780033 0.5183765856027995
4.384055876470392 1.1046537209642016 2.085970547892657 -0.2928734401741646
5.636645889818499 1.6424853068226828 4.484067734296099 0.7226799806550555
4.762902721929984 1.7167236393196212 0.6165514013645428 -0.524262959592211
2.7447302498171493 2.4755379360934584 0.4065102815338635 0.05107817988643973
6.235890046455374 1.9941349670043929 4.171023289896829 0.6422904585887973
3.6959004830532622 1.155446275425256 -0.2987607003723234 -0.7724526413666559
5.165359185455811 2.72258043293644 4.302401745163504 0.7045866354092118
3.5251760546940454 2.231334036185377 0.014970721347974392 -0.520689173978695
5.162436085965883 1.06002712074716 3.028286390987021 0.25253415067329665
5.142304145340679 2.057752584991667 4.924605948132225 0.9775655276763342
4.304183580341672 2.6704692034499864 -0.18312307399174843 -0.7482378249831032
5.458125792001481 1.1211871403763158 3.3299233507745685 0.2902131723268997
4.441190488695449 1.3039193219953156 3.2229377009099767 0.17438044452006385
4.394430175965803 2.9110903465064584 0.8772564654393302 -0.5243302442154667
6.544048785030629 2.035612592046359 6.426295804466552 0.927236428394157
5.676395668799058 1.4316054904483604 4.320368768589356 1.0380286500737537
4.569911206023322 2.2950835593770593 0.24851223617602503 -1.0026407739821437
4.918235237332649 1.9957467399761273 4.860241261366438 1.6748098763409944
3.7120823704724466 3.0660042906106018 0.3590997312071861 -0.8196055191700009
5.788396717556295 2.5167476542788436 5.625010986540084 1.900650851953595
3.4497330919783487 1.8041803132647138 0.50814745014351 -1.0178676545656933
4.410430926109842 2.201640057925706 1.6372450615667762 -1.6751498244962904
4.533930793329221 1.8063682327197201 3.2668114974474 0.0002334052214987281
6.015670815069059 2.1476358907646893 6.09454074398961 0.2609707125415175
5.429716947511268 1.8234331274837128 5.103533041851394 1.5511037215779733
5.303832718393474 1.0886089920386368 2.509199505267678 0.43614924684789114
4.95330956833461 3.4710919114271857 -0.42503305271940994 -0.6906442532295972
5.382516973554372 1.2267605344670462 3.6751199791481888 -0.5934379230214253
3.77804367965083 1.912768327677349 2.737888751549467 0.1114479687590999
5.208061403387858 1.2245678126286434 3.3347769580806492 -0.14139067156038831
3.865151990493253 2.193420387578354 0.5219662838221828 -0.24018186371594002
4.05210652337336 2.8394756083316546 3.613757693526673 0.3686541990264789
4.293676950309027 3.2570784800528236 0.7009026368771224 -0.8493866171578448
4.05040047817451 1.6134306613354936 2.5920345437963412 0.9085102806248807
3.2514018488252767 2.085244264308587 1.3489835441580735 -1.3544950870432764
4.766812509947135 1.9631425475766555 3.417403473945969 -0.1433538952455231
4.420975489740735 1.7417195811650972 2.5128453202803236 -0.10067094044175895
3.3602477453780146 1.9282845179148351 0.9104807494674235 -0.2989624240619177
5.296384161758655 2.0886147725495663 2.8777321689863706 0.663888538698317
3.998992496494532 1.5535963778913229 2.154016026619221 0.11874954476872279
3.5610933992560962 2.6935861367363687 -0.19701776416386618 -1.136249353481935
5.039562065679141 1.7660862785108207 3.765904986825902 0.06111491537360525
4.163271256901799 1.1629517279074268 2.854045244802612 0.2854023293055681
3.9395913540705294 0.9564035009467973 3.8406967795863283 0.10246743918716772
5.075556426653853 1.8470566198261331 4.087575095063375 -0.11732544385750376
3.6061040300499236 2.3831507239589245 0.651738143727771 -0.6138096483946175
4.143148788654981 2.494081744566124 0.1583223911949727 -0.19171938528079246
4.835424790507973 1.5158111786730402 3.3056312972152533 -1.1620340749171059
5.160330929224864 2.407053533025204 3.1439590407039777 0.5360027130523468
4.136699881554953 2.1680019538345916 0.2949154083379817 -0.9263267929397869
4.179436958485788 2.0397500251110006 0.7156018705471783 -0.3395913625657796
5.487372560093125 2.136057438659096 3.383571265324477 0.2505172153193713
4.02084062612709 2.1712817984462722 2.578178916887349 0.5265111775303866
7.463163993905929 1.7530326178899815 6.245159403719393 0.7085628486968596
4.55399754855134 2.409608149052093 0.482289092197955 -0.48025197553951465
2.9894947279050648 1.910662583960919 0.4816175093263333 0.3769029414169252
4.533435151610327 2.3406181736979597 0.32080772756039333 -1.4128891410497746
5.436436666409594 1.7129958062428077 5.260819873983546 0.7685054529658641
3.8047378242934977 2.5878112418718566 -0.12322042611444917 -1.6084927781013956
6.592866911483993 1.8468913987330566 4.8534647801689 1.7267090694880989
5.200189511956425 1.4686354778445294 4.049481606837134 0.6971931309442598
2.8523350571575774 2.0067303961756577 0.7742228753090558 -0.3753592435683866
3.4697540868411805 2.741656104301464 0.2857856043342757 -0.9859326992183879
5.869691249613568 1.5171613154711525 5.644213772087363 1.2312801929303547
3.318028082164616 3.4079280229898457 0.5278136512532718 -0.758739822036264
4.105391948518076 2.9699771433074265 0.6788166722849742 -0.6908297623887946
4.233465740426926 2.8952346906788624 3.547000593850928 0.5816152488341946
4.102440447150631 1.8906151133986393 1.1082963638764718 -0.6309647271448058
5.239480568726158 1.6522756142053858 2.8946083992716245 0.7979430740620908
4.083135289639952 3.157258146154364 4.59383174974206 1.199023633657564
5.929745934957119 2.2056596770716634 4.766197578687279 0.8798659955226836
3.46270151505804 1.4279381682505785 0.9115871865656031 0.048358050916452455
4.697219385350719 1.3761721890795156 2.6467471957293593 0.04373507068784033
5.023730793809697 2.022999637767252 4.588231099195726 1.0666145554522746
7.004229231906891 2.8586945887781936 6.006739971965784 1.3727781231303164
4.549561250609296 3.431064008190637 1.2002074416253043 -0.4169217399215422
5.835341509103522 2.8091726355002726 3.9059807409803695 1.3505891059327748
4.1717041158021555 1.6138754407606934 2.7413371722794264 0.05674359090805681
5.704880099510765 2.713063736195397 3.924256895554307 0.7760701575057828
5.628741999591826 1.1609381418573248 4.958964960998161 0.7371020703893332
6.523769474493529 2.269802972775565 4.461966475481639 0.8500002166826479
3.441886566247479 1.4713454700959545 -0.23704716886516874 -0.8331944376238989
4.2761683596751485 1.205675486053849 4.669995560863534 0.8884213595840793
6.167097682104648 1.7291348727182774 5.240947894854299 0.7832026139956523
4.347321241537015 2.465663755624929 1.345351701029807 0.268606235322988
6.508437705485759 2.150928143337219 4.5714597739451595 1.184518573994455
3.4308672905427664 1.9005648842986929 0.7307966571028129 -1.0342626605509122
3.791114358677463 1.3981066122258714 2.934632155316861 -0.6911011964924554
3.9508053028958834 1.303042282878747 3.451034059946469 0.7777597708806472
4.402956930232566 0.18035145817143294 1.802867271736488 -0.5108205879145222
4.791473719508597 1.1912438397961855 3.8118590922743376 -0.7621376569924563
4.412838371877246 1.6010475332271004 3.0794849779388036 0.5009800740544121
5.806933043141122 2.5241886740102797 5.536721912394889 1.1326076467158535
4.9989816260007265 1.5205585235226629 2.878451070496682 0.10408003855634429
6.50478072131387 3.0807658328724767 4.685654120421953 1.8922439946590766
5.14255876492995 1.686296280668957 2.689859258819738 -0.5082733407551465
4.037159691787494 2.315454371460488 3.146980761717998 0.6970584301326122
5.791445941853452 2.674052821937837 3.3223546468136154 0.49711500756453253
4.469135934385743 1.9526757484531119 2.5728026996584505 0.4315881844734414
4.390564696172683 1.4193240464121748 3.5805771147949854 0.5662299549460721
4.638911427103545 1.7260425209302077 3.7517821240401 -0.06693670566518883
4.519317397972651 2.240816520066411 3.5159525060347114 -0.4724199462680463
4.4837946691510275 1.5093361115753496 3.277062377367659 0.5852198085527497
3.4631638489226457 1.8114323436434283 1.462331786112252 -1.9993331092572368
4.647869908313193 3.810832428654865 -0.0897957962656446 -0.4099550007550209
3.176472691796611 2.0664167592643388 0.9790904131642943 -0.22219472526684553
4.952041360896167 2.920139382381992 0.6141459184205875 -0.14792394313958696
4.319306231445376 2.0230298065458285 2.7174189771674913 -0.033754142706701185
6.063443466871368 1.4637482142331377 5.710560505466563 1.1060247398573138
4.4456365613851325 2.3670588313269763 -0.5464503043813793 -0.41819106241316323
3.627761400507519 1.3004151268892605 0.33880164391016 -0.3990929120031446
4.147118037656818 2.582210652045967 -0.31123615703024 -1.1798344443659237
4.112494197670714 2.537373691262078 3.609943790849605 0.3001728893536657
4.322975144000053 3.3736402115607875 1.4101267151051327 -1.088180633850486
4.428629808519251 0.6915323768564567 2.621495263956684 -0.6076090335919431
5.21902150188923 1.1752155141291143 4.279716603353016 0.3243383796854098
6.3895784634912935 1.67121340851328 3.655924412874952 0.7623077728963963
3.0158286587224152 2.4953503391305745 0.21475427408231673 -0.6632203764356188
3.8602076410117547 1.7951768866884052 0.6269091537161864 -1.1488069063152109
5.269485675961804 1.7492576004164935 5.421277141016482 0.7855868216437847
3.8321546195438954 3.355393520908529 0.9402460702649816 -1.0611235311304794
4.485513896080883 0.6973618024397181 3.354189866616644 0.7364897356737885
5.266435285926751 1.8865351353709263 4.274547702544047 0.6332883283766135
4.981995223012061 2.831571954147952 3.5885263029460006 0.051858050737854544
5.736195884474117 3.314464697103692 2.5332787253770435 0.8807979037451816
5.438653826418777 2.0848734624726113 3.431779684443121 0.8912938010723432
3.99959204230941 1.8548717325504713 0.2541130015023665 -0.32526500408823894
3.7932738944046718 1.9342642351922266 0.23941041962440446 -1.3034166800599774
3.193190173956337 2.8739909462380844 0.47008183075439836 -0.14564553854105633
4.650799609762913 2.6273063971997748 3.8456495205761336 0.2809250627693467
6.177627204603761 1.8664608659143078 4.346766176314445 0.7177733966522546
5.151943911985547 1.9333672070570112 4.576450890023492 1.0028768866033007
5.098399591876898 1.9185612818872304 4.835373640040958 1.5006030254695355
5.066340652684832 2.425944391775122 3.2287113071058453 0.27304898677884015
4.933643791270346 2.5382600442086765 3.7302871485859646 1.7013517086639978
4.408690173065969 1.9356179408608942 0.6180354441936269 -1.1418353037992182
5.155745206138907 1.9816908047559902 2.502661197520171 -0.1825439914302731
3.4993234990991366 1.4570231397851345 0.2954890342358256 -1.2987860962347928
5.312111363210169 1.2588403487201854 2.667579142868558 1.1333342211724662
3.3132536943116433 2.0906771231601082 2.8794665890404727 0.07066325472915058
4.753660047881446 1.4629028261879726 4.643243869769232 1.6064534977848846
4.026684059599113 3.0078847935482655 0.7786322373215644 -0.9819530765460736
6.192818371801422 2.0872010846459172 4.2675708322361325 1.3770406187757747
4.297377573766449 3.223671199239757 0.75151901948143 -1.070237598736944
5.556253020078211 2.9572320590146126 -0.23402259016165106 -0.4158109087285649
6.140472044036015 2.5514111813186577 3.3310843160158834 1.2182114831245037
3.072649542821 1.3626462283986416 0.05957907904877535 -0.6366280906947628
3.0876319826270717 1.8657809933652953 0.2919982957381837 -1.322072318500349
3.9792980956370148 2.473258124986992 0.6785118674927301 -0.29728719159066624
5.116777918674724 0.9939135371149306 3.494769232090222 -1.0250446043521946
4.278443177622094 2.9345712719432377 2.5763426215047724 0.6083620642509153
4.353991704267008 2.5853611577738635 4.7037028467360535 1.011864526683517
4.30477232939816 3.2515120753337876 0.4940053362855845 -0.2592808546051225
4.641554201430402 1.7678748869710237 3.58460716155987 0.5290913251234775
4.405929892207269 2.021772287886903 3.5082388320090185 -0.09128082714294616
4.9722188606524105 0.9299324594789473 3.2936223764676864 0.09109954056876779
4.6649738102008245 1.7098766687381826 3.280156458277255 0.8559788743080722
5.091882004019274 3.647077850255976 0.18600730988354464 -0.5371806406287439
5.854976183265288 1.291953056207621 3.1230902803696843 0.4182560823693491
3.3993551608086645 2.8812340965081544 -0.340902160430236 -1.1948460291286471
5.300026662636237 2.352452529694075 3.000105422512875 0.2456408609184293
4.7757909280933095 1.9858771312177679 0.8947736779154578 -1.5791296073124725
5.506701313831068 2.607703506128221 4.135266963660559 1.3483298090380345
5.66827721598705 2.0305561225035786 5.458216698651949 1.4568659352829452
5.27982763590833 1.4573750711396292 3.7592568062080245 0.018705271249006117
4.8937241504939735 2.1371367148139724 3.311605455125037 0.7285550153815175
5.161439087856058 2.1418324189390416 3.938424276412491 0.9992708761611848
3.0349834507696447 1.2301772993233895 1.0493565830083016 -0.3720344168039906
4.638223743798948 1.546889186744374 4.405140370176207 0.32233265773749653
4.592949946351744 1.0818121464142485 2.935506394915731 0.7685002172874903
4.91351406147811 3.4790410390128352 0.8664455608777921 -0.45675906337119165
5.3705546077266355 2.531611379566747 2.651208256098085 0.7538262542472893
3.0349209624765567 1.7670114796930794 0.029441366470043473 -0.33933064812638475
5.922851736875358 1.0801588782959386 5.566566246269025 0.5212260224631418
5.847158433247702 2.545295710655666 3.642953117797833 0.6346231364201648
6.098492055071095 2.4251268337537426 5.554922237396609 0.7443751315299769
3.6013361617802016 2.5321820399147303 1.1675741298816442 -1.1043573753965699
3.554849966919753 2.0367153474314614 0.6642068752392333 -1.2420757139687808
2.995484164173596 2.5325500961598437 0.25127194326551905 -0.4953054782385428
4.884121431444834 2.487536912952783 4.132298033047734 1.1575736665622833
5.73274569099145 2.8389606861819177 3.1684734833536825 0.18112477926589188
3.7866850148596596 2.9805376817823914 1.228855438180338 -1.1348381095620386
7.100044794723513 2.982228927483318 4.996908427613173 2.126430373566575
4.211682308937435 2.2317418226246346 0.31655065431810225 -0.9388828068999746
5.087284036455511 2.0655686900529644 4.949426501358343 1.2925076406396596
3.9740622383828206 2.2364935992621877 3.733285923259543 0.8548861618387484
5.088226409228297 3.0898981379868653 1.0675632564387543 -1.2275637294694681
4.932063178434012 2.753953316233959 4.348856232643383 1.2569845228029433
5.264763191169186 3.1481471055538286 4.688188276915673 2.0290525499947134
3.514619685102503 3.4238450862613092 0.5422406341064899 -1.3425042096501918
5.3019741493382 2.278655372197032 3.667842822960437 0.16432198268051623
3.5770917759568164 1.9276956040863256 2.581116293490085 -0.6369124795736112
3.181733379925693 2.0076545945020046 3.195420336189911 1.3720873872520203
4.8852190226013334 2.4733173478933304 2.640933638874373 0.6182903471256607
6.050775395046308 2.280081056047649 3.7925035421382423 -0.6131456782890432
4.4171209435552985 1.66692187060777 3.2917181140031997 0.06680013471794699
3.6976833674512 1.106692598017715 2.527963881147177 0.7515987203340185
4.697555309343326 1.3669395485843605 3.5654443756895846 -0.08272108382776744
3.882881540477621 2.419607969111861 0.5654078309715393 -0.3624765931951035
6.40438194558804 1.5792725112732897 3.6363370355946643 1.1307830109652963
