  -0.0855207    -0.882483
    0.280736    -0.972238
    0.434183     0.244423
  -0.0798651     -0.92173
   0.0822792    -0.556898
   -0.988314    -0.193139
   -0.462632     0.658029
   -0.616739    -0.215642
    0.386741     0.851757
   -0.111805     0.296902
    -0.52728     0.299205
    0.306173     0.820285
    -0.56169    -0.628026
   -0.301352    -0.428231
   0.0287033    -0.897585
   -0.147177    -0.652842
    -0.31296     0.727782
   -0.899067     0.578462
    -0.81136   -0.0240484
     0.61871     -0.11467
    0.758025    -0.350817
    0.973287     0.404875
   0.0425216    -0.315297
    -0.43144    -0.899491
   -0.639727   -0.0523909
   -0.281507      0.82812
   -0.122019     0.731313
    0.707569    -0.953354
    0.366197   -0.0413691
    0.572374    -0.184082
   -0.227403     0.275637
   -0.719324    0.0761483
   -0.146891     -0.15632
    -0.79322     -0.47994
    0.200811     0.154418
    0.935388     0.286783
   -0.781533     0.326922
    0.738179    -0.187553
   -0.681351    -0.928859
    0.605207     0.178678
   -0.373626    -0.890651
   -0.208632     0.370347
  -0.0886192  -0.00103712
   0.0646838    -0.518677
    0.490017     0.942116
    0.940084     0.101378
    0.917507    -0.171519
   -0.822943     0.669898
   -0.958983     -0.32016
   -0.893853     0.804433
    0.795766    -0.444773
    0.799042     0.329023
   -0.920566     0.209308
   -0.161712     0.239931
   -0.632398     0.429532
   -0.560293    -0.843083
    0.556781    0.0680504
    0.245583     0.160845
   -0.852724    -0.796437
  -0.0770222    -0.973319
   -0.182044     0.976763
   -0.080127       0.4792
    0.203654     0.102829
    0.671065    -0.179556
    0.126653     0.999261
   -0.595535    -0.742752
    0.606453    -0.892773
     0.34512     0.326182
   -0.857356    0.0696951
    0.925102    -0.821632
  -0.0496722    -0.495139
   -0.230982     0.179044
   -0.283529     0.548714
    0.861709     0.503824
    0.833702     0.660368
   -0.793513      0.49083
    0.801793    -0.394798
    0.751209    -0.511151
   -0.616456     0.160728
    0.842809     0.285042
    0.857355    -0.706718
    -0.82069     0.715955
    0.641851    -0.385935
    0.936789      0.50259
   0.0175978   -0.0441139
   -0.990547    -0.956403
   -0.623504     0.659507
   -0.425621    -0.976064
    0.255036     0.204442
   -0.476228      0.86307
    0.497357    -0.949382
   -0.927008     0.181205
    0.443645     0.342271
   -0.298989     0.153447
    0.744057    -0.998352
   -0.429702     0.341532
    0.105475     0.410695
     0.35051    -0.891125
    0.915419    -0.332286
    0.248119     -0.51961
    0.275612    -0.712757
   -0.134254     0.172575
   -0.982863     0.659434
    0.992083     0.835957
   -0.272545    -0.323601
    0.850839     0.319802
    -0.80143     0.326787
   -0.470752       0.2816
    0.602048     0.808651
   -0.417886    -0.512485
   -0.627943    -0.433357
    0.459403    -0.898067
   -0.238576    -0.796529
   -0.986092     0.180707
    0.396193     0.604524
    0.779022     0.159357
   -0.976639     0.224304
    0.772689     0.264031
   -0.646599     0.183293
    0.278397    -0.571254
   -0.703539     0.127101
    0.850757     0.233911
    0.351389      0.60995
    0.740105    -0.530628
   -0.448232    -0.612642
   0.0954456     0.611599
   -0.689596     0.810904
    0.657243     0.798053
   -0.554044     0.720474
   -0.774178    -0.521382
  -0.0946377    -0.721557
    0.721568    -0.992283
   0.0915688     0.651193
  -0.0775005     0.937877
    0.713652     0.843674
    0.819024    -0.672408
   -0.226661     0.257679
    0.912222     0.170461
   -0.651729     0.609192
   -0.624614    0.0663304
   -0.505664     0.657976
   -0.279671    -0.824166
     0.83479     0.168264
     0.25576     0.861447
   -0.265763     0.356542
    0.230982    -0.227212
   0.0347815    0.0208035
   -0.242402    -0.419154
  0.00367069    -0.963182
    0.388182    -0.795903
   -0.964005    0.0095917
    0.300131     0.163919
     0.23894     0.438007
    0.387384    -0.380458
   0.0402366     0.633291
    0.790707     0.825365
    -0.51717    -0.768859
     0.35064     0.444195
    0.447951     0.623418
  -0.0712143     0.951615
    0.576463     0.922812
   -0.646687      0.90186
   -0.349646     0.959332
   -0.331968     0.574005
    0.275812     0.839737
   -0.635994     0.803005
   -0.512945     0.901597
   -0.950849    0.0974165
   -0.723773   -0.0265338
   -0.164673     0.510789
   -0.575463    -0.836253
   -0.229437    -0.368558
    0.555655     0.686623
   -0.740673     0.332011
   -0.973677    -0.507111
   -0.710108    0.0431653
    0.490309    -0.895202
   0.0611044     0.513693
   0.0474907     0.624011
   -0.506021    -0.858383
   -0.550713     0.717789
   0.0834861    -0.366397
    0.794111     0.305536
    0.688226     0.155797
    -0.52913     0.253145
   -0.165653   -0.0611731
    0.478933   -0.0188382
     -0.0463     0.484286
   -0.815013    -0.616979
   -0.073116     -0.39542
    0.882486     0.435901
     0.76145    -0.694166
    0.280197     -0.49356
    -0.46716     0.395233
   -0.570518     0.879839
   -0.443991    -0.653823
   -0.103154     0.198238
  -0.0834629     0.781436
    -0.39484     0.443594
    0.173073    -0.828296
    0.751864     0.292225
   0.0296977     0.607341
    0.943636    -0.196853
    0.307519   -0.0211515
    0.289024   -0.0606485
    0.969959     0.296036
    0.597412    -0.977986
   -0.220667      0.04415
   0.0310637    -0.190272
   -0.355098     0.646025
    0.273313     0.185767
     0.48035    -0.472482
    0.728389    -0.720372
   0.0674233    -0.508698
    0.168576     0.683314
   -0.800741     0.532773
    0.901771     0.430129
    -0.35249    -0.335524
    0.152959    0.0170599
   -0.913242     0.813151
    0.574394     0.269056
   0.0354445    -0.547039
    0.848208    -0.881015
   -0.145409     0.775495
    0.568284     0.848194
    -0.72231     0.998824
      0.4106    -0.878328
    -0.53487    0.0464324
    0.194227      0.78026
    -0.98424     0.565266
    0.638203     0.218137
   -0.053909    0.0724853
   0.0454577     0.172607
     0.58184    -0.978717
    -0.74639    -0.948666
   -0.665518    -0.888042
    0.551799     0.317319
    0.851022    -0.926652
    0.113815     0.156108
   -0.417137    -0.872953
   -0.504075     0.719373
   -0.612872    -0.658125
   -0.936787    -0.345435
   -0.775687     0.999001
    0.454551    -0.166823
    0.231789    -0.662121
   -0.576428     0.531774
    0.356322    -0.736693
    0.879299   0.00235534
     0.57653    -0.451166
     0.44308    -0.923543
    0.453692    -0.728589
   -0.388025   0.00179553
    0.291288    -0.804558
   -0.691717    -0.953094
   -0.819741     -0.15001
    0.568978    -0.805734
    0.718883    -0.831421
   -0.354611     0.896422
   -0.236795     0.974526
    0.734643     0.733845
   -0.716407     0.114559
    0.709296    0.0470117
   -0.219899   -0.0935486
    0.865432     0.135842
    0.962906    0.0983455
    0.114583    0.0184095
    0.417231    -0.546839
    0.813929     0.171693
   -0.771602    -0.825482
   -0.999906    -0.419792
   -0.690147    -0.108934
   -0.384474    -0.483608
   -0.936694     0.234773
   -0.465834    -0.109934
   -0.929922      0.34957
    0.295095     0.572652
  -0.0422618    -0.578159
      0.4264     0.612876
    0.174394    -0.424992
   -0.465731   -0.0293251
    -0.13052     0.689334
   -0.371914    -0.153581
    0.146244      0.97247
   -0.839232     0.884776
  -0.0636308    -0.106675
    0.326503     -0.17754
    0.729746    -0.920958
   -0.344748    0.0619036
    0.971893    -0.281118
   -0.507049    -0.946432
   -0.610105    -0.204252
   -0.744515     0.833441
   -0.797753      0.10058
    0.169996       0.7022
   -0.879082   -0.0307173
   -0.834846    -0.801074
   -0.715421    -0.279391
    0.538149     0.422443
    0.979083     0.370619
   -0.487023    -0.104873
    0.538243    -0.997349
   -0.711064    -0.738316
    0.128503     0.411519
    0.601549     0.237424
   -0.176898     0.151751
    0.198581    -0.238911
   -0.103355    -0.189923
    0.780841     0.573591
   -0.375019    -0.626035
   -0.928961     0.385085
   -0.684891    -0.455734
    0.494461    -0.936701
   -0.300875    -0.768497
    0.461353    -0.483263
    0.655229     0.948075
    0.635494     0.124828
   -0.212144     0.339197
    0.384975    -0.972883
   -0.709254    -0.813268
   -0.240251    -0.941921
    0.877927    -0.919315
   -0.319359   -0.0175198
   0.0152342      0.89152
   -0.919826     0.181266
    0.850637     -0.31532
    0.136152    -0.139197
   -0.754672     0.380191
   -0.864784     0.405289
   -0.325699    -0.716754
   -0.775589     -0.24919
   -0.351807    -0.699584
   -0.787456    -0.714103
   -0.486653    0.0124942
    0.776696     0.711936
    0.814093     0.523322
    0.336449    -0.835755
  -0.0247225    -0.526975
   -0.289263    -0.666601
     0.11729     0.737836
    0.600259     -0.15301
   -0.218224     0.718483
    0.432399    -0.717898
   0.0947199    -0.089711
    0.480901     0.949986
   -0.106248    -0.201161
   -0.250051    -0.141636
    0.116395    0.0748146
    0.681608    -0.861964
   -0.865075    -0.114519
    0.407141     0.261546
   -0.558643    -0.803885
   -0.987149   -0.0338339
   -0.912217    -0.755974
    0.456591    -0.912365
   -0.906975    -0.852568
     0.93842   -0.0712935
   -0.407257   -0.0515625
   -0.661647     0.527623
   -0.926365    -0.666004
    0.267044     0.231683
   -0.437236    -0.721567
   -0.278172    -0.365588
    0.479588     0.517581
   0.0761107     0.290927
   -0.501476    -0.653652
    0.293681     0.040903
    -0.58744     0.455172
    0.473802    -0.180627
   -0.995582     0.374302
    0.529849     0.193008
   0.0740604     0.666363
   -0.213805    0.0927851
  -0.0377517     0.475111
    -0.83122    -0.423348
   -0.732904    0.0427716
       0.856     -0.72605
  -0.0812705     0.435016
    0.383491    -0.882414
    0.537609    -0.588014
    0.053654    -0.679503
   -0.209368     0.379133
    0.978966      -0.3919
   0.0665052     0.286663
   -0.121585     0.623159
    0.435557    -0.304265
    0.159531     0.434095
   -0.183166    -0.448135
     -0.9717     0.644173
    0.497884   -0.0382823
   -0.109531    -0.114139
    0.295345    -0.124144
   -0.939352     0.240151
    0.612297     0.520274
   -0.225067    -0.606563
    0.136759    -0.468922
   -0.889179     0.866622
   -0.931386      0.43434
    0.549319      0.98625
    0.584623    -0.314005
   -0.926968    -0.191358
   0.0791678     0.179258
   -0.341317    -0.647641
   -0.140773     0.901427
   -0.958584    -0.345632
   -0.172536   -0.0709891
    0.126322   -0.0558013
    0.897416   -0.0716819
    0.746193    -0.635973
   -0.490187    0.0617849
    0.435025     0.340304
   -0.200153    -0.315476
    0.300445    -0.559083
     0.41399     0.948404
    0.866352     0.971187
   -0.821141    -0.935924
   -0.150453    -0.355861
   0.0258828     0.405282
 -0.00430644    -0.384058
   -0.122152    -0.711688
   -0.476233    -0.633001
    0.886163     0.501803
   -0.826808     0.164168
   -0.415585      0.60715
     0.49846    0.0220771
  -0.0518749     0.557606
    0.721174    -0.861772
    0.609281    -0.111301
   0.0167388  -0.00805426
    0.270492    -0.875523
    0.193904     0.574695
   0.0897708     0.800588
    -0.65034     0.303735
    0.852588     0.927053
    0.948997     0.702015
   -0.608924     0.958104
   -0.319949    -0.143936
   0.0753195    -0.353787
   -0.711507    -0.113578
   -0.573756     0.220091
    0.585132     0.707998
    0.723517    -0.773275
    0.226092     0.904615
   -0.114423    -0.851084
    0.137508     -0.82487
   0.0924438     0.875802
   0.0644367    -0.787008
    0.987055    -0.180731
   -0.881673     0.281083
    -0.93987    -0.171066
   -0.135097     0.107581
   -0.357907     0.648083
    0.946293    -0.669263
   0.0380956     -0.72825
    0.226508     0.255233
    0.444753     0.352814
    0.986221     0.829355
  -0.0523182      0.39346
   0.0540346    -0.758487
  0.00295949    -0.178699
   -0.781826     0.517937
   -0.752061     0.816208
    -0.90727    -0.378111
   -0.432166    -0.178328
   -0.899473     0.743261
   -0.958272    -0.676096
  -0.0410898    -0.220224
   -0.219422    -0.400675
    0.117047    -0.029883
    0.247403     0.666198
    0.206822     0.819416
    -0.29782    -0.321885
  -0.0290799     0.892923
   -0.567086     0.724031
    0.587757    -0.172969
   -0.891572    -0.931947
    0.525357     0.599833
   -0.347806    0.0400231
   -0.904516    -0.112678
    0.643684    -0.119083
   -0.287676     0.868957
  -0.0396132     0.994903
   -0.714222    -0.471001
   -0.341383    -0.800306
    0.998482    -0.733347
    0.512286     0.784232
    -0.89663     0.552508
    0.984703    -0.903992
   -0.540032     0.177692
    0.157405     0.794021
  -0.0123373   -0.0826908
   -0.321858    -0.304371
    0.405344     0.610229
   0.0803931     0.539198
    0.245976     0.517302
     0.50587      0.35349
    0.122121     0.863102
   -0.795114    -0.702923
   -0.713552     0.952815
   -0.760832    -0.166781
