    0.680375    -0.827897
   -0.211234    -0.638228
    0.566198    -0.147154
     0.59688    -0.905868
    0.823295    -0.386195
   -0.604897      0.65541
   -0.329554     0.775929
    0.536459    -0.894046
   -0.444451    -0.896262
     0.10794     0.754198
  -0.0452059     0.163364
    0.257742     0.567615
   -0.270431    -0.868299
   0.0268018     0.575459
    0.904459     0.499379
     0.83239    -0.391849
    0.271423    -0.524308
    0.434594     0.128968
   -0.716795      -0.6016
    0.213938     0.766598
   -0.967399     0.346539
   -0.514226    -0.760641
   -0.725537    -0.751527
    0.608353     0.693284
   -0.686642    0.0577842
   -0.198111    -0.282105
   -0.740419    -0.811855
   -0.782382    -0.902937
    0.997849     0.103362
   -0.563486     0.189559
   0.0258648     0.452373
    0.678224     0.275465
     0.22528     0.551331
   -0.407937     -0.69478
    0.275105     0.369597
   0.0485743    -0.834865
   -0.012834      0.96063
     0.94555     0.145526
   -0.414966    -0.728911
    0.542715    -0.935632
   0.0534899    -0.100276
    0.539828     0.434453
   -0.199543     0.631983
    0.783059     0.031425
   -0.433371   0.00991201
   -0.295083     0.131362
    0.615449     0.639576
    0.838053     0.485604
   -0.860489     -0.73967
    0.898654    -0.962024
   0.0519907     0.252202
   -0.827888     0.606869
   -0.615572    -0.722665
    0.326454     0.500674
    0.780465     0.300153
   -0.302214     0.335119
   -0.871657    -0.781431
   -0.959954     0.488299
  -0.0845965     0.432182
   -0.873808     0.321931
    -0.52344    -0.322143
    0.941268    -0.115444
    0.804416    -0.402603
     0.70184    -0.770812
   -0.466668     0.189775
   0.0795207     0.966994
   -0.249586    -0.605677
    0.520497     0.150406
   0.0250708      0.11252
    0.335448    -0.334588
   0.0632129     0.214773
   -0.921439    -0.987756
   -0.124725    -0.900134
     0.86367    -0.153244
     0.86162    0.0436689
    0.441905     0.109778
   -0.431413     0.978118
    0.477069    -0.316755
    0.279958    -0.404618
   -0.291903    -0.761552
    0.375723     -0.27878
   -0.668052     0.847583
   -0.119791     0.845317
     0.76015  -0.00144476
    0.658402     0.348258
   -0.339326      0.14547
   -0.542064    -0.666326
    0.786745     0.566827
    -0.29928    -0.366232
     0.37334     0.765857
    0.912936    -0.111242
     0.17728     0.311625
    0.314608    -0.349588
    0.717353     0.486155
    -0.12088     0.540813
     0.84794     0.840188
   -0.203127     0.453149
    0.629534     0.935137
    0.368437  -0.00940692
    0.821944    -0.434331
  -0.0350187    -0.399451
    -0.56835    -0.794634
    0.900505    -0.422087
    0.840256    -0.299585
    -0.70468    0.0521224
    0.762124     0.621582
    0.282161     0.810193
   -0.136093    0.0302402
    0.239193    -0.695173
   -0.437881    -0.594425
    0.572004     0.268688
   -0.385084    0.0260472
   -0.105933    -0.746842
   -0.547787     0.114005
   -0.624934    -0.975397
   -0.447531     0.601416
    0.112888    -0.740525
   -0.166997    -0.641723
   -0.660786     0.168242
    0.813608    -0.106757
   -0.793658    -0.875867
   -0.747849    -0.942999
 -0.00911188    -0.795131
     0.52095    -0.225455
    0.969503     0.543156
    0.870008     0.745682
     0.36889    -0.385267
   -0.233623  -0.00369477
    0.499542     0.680819
   -0.262673     0.605326
   -0.411679     0.561974
   -0.535477    -0.718632
    0.168977     0.810692
   -0.511175    -0.860112
    -0.69522    -0.018217
    0.464297    -0.137185
    -0.74905      0.76147
    0.586941    -0.208024
   -0.671796     0.893055
    0.490143    -0.933704
    -0.85094      0.19755
    0.900208     0.161743
   -0.894941    0.0923436
   0.0431267     0.450708
   -0.647579    -0.724252
   -0.519875     0.116946
    0.595596    0.0521239
    0.465309    -0.464777
    0.313127     0.475223
     0.93481    -0.779634
    0.278917     0.428466
     0.51947     0.599356
   -0.813039    -0.722633
   -0.730195     0.633335
   0.0404202    -0.626099
   -0.843536     0.820523
   -0.860187     0.379017
    -0.59069   -0.0113657
   -0.077159    -0.183172
    0.639355     0.059836
    0.146637     -0.40604
    0.511162    -0.621197
   -0.896122     0.341204
   -0.684386    -0.595347
    0.999987     -0.48131
   -0.591343    -0.677013
    0.779911     0.267468
   -0.749063     -0.71984
    0.995598     0.114963
   -0.891885     0.160523
     0.74108    -0.653544
   -0.855342    -0.687487
   -0.991677    -0.677734
    0.846138       0.4388
    0.187784     0.763222
   -0.639255    -0.401986
   -0.673737    -0.444254
    -0.21662    -0.184654
    0.826053     0.133236
     0.63939    -0.969031
   -0.281809    0.0357119
     0.10497    -0.438298
     0.15886     0.630325
  -0.0948483     0.313079
    0.374775    -0.804963
    -0.80072    -0.995774
   0.0616159     0.133602
    0.514588     0.574054
    -0.39141  -0.00713962
    0.984457      0.95043
    0.153942     -0.36611
    0.755228     0.586821
    0.495619    -0.670767
     0.25782     0.975094
   -0.929158     0.991473
    0.495606    -0.152077
    0.666477    -0.701919
    0.850753     0.258941
    0.746543     0.128083
    0.662075     0.413044
    0.958868    -0.580536
    0.487622      0.47454
    0.806733     0.725557
    0.967191    -0.258271
    0.333761   -0.0866607
 -0.00548297     0.488779
   -0.672064     0.339743
    0.660024     0.469085
    0.777897    -0.695875
   -0.846011    -0.527021
    0.299414     0.500054
   -0.503912     0.339837
    0.258959    0.0346812
   -0.541726     0.130379
     0.40124    -0.347084
   -0.366266     0.229718
   -0.342446     0.134605
   -0.537144     0.786518
   -0.851678    -0.196228
    0.266144    -0.872535
   -0.552687     0.736948
    0.302264     0.437662
    0.021372     0.714286
    0.942931    -0.933819
   -0.439916     0.412756
   0.0922137      0.70576
    0.438537   -0.0858952
   -0.773439     0.710838
  -0.0570331   -0.0352994
     0.18508    -0.957812
    0.888636     0.123882
  -0.0981649     0.384164
   -0.327298     0.516728
    0.695369    -0.150561
   -0.130973    -0.874106
   -0.993537    -0.569933
   -0.310114    -0.661782
    0.196963     0.465636
    0.666487     0.899152
   -0.532217    -0.357657
    0.350952     0.938616
  -0.0340995     0.399206
  -0.0361283      0.98218
   -0.390089   -0.0267032
    0.424175    -0.470415
   -0.634888    -0.364905
    0.243646    -0.796985
   -0.918271      0.66419
   -0.172033    -0.578387
    0.391968   0.00678718
    0.347873     0.791655
     0.27528    -0.841439
   -0.305768    -0.555551
   -0.630755     0.505941
    0.218212    -0.775258
    0.254316     0.857206
    0.461459     0.211701
   -0.343251     0.138847
    0.480877     0.568044
   -0.595574    -0.823599
    0.841829     0.181035
    0.369513    -0.308075
    0.306261     0.560566
   -0.485469    -0.302237
   0.0648819     0.541365
   -0.824713     0.686459
   -0.479006      0.12783
    0.754768     0.879583
     0.37225     0.152096
    -0.81252    0.0269817
   -0.777449    -0.478074
   -0.276798    0.0907115
    0.153381    -0.573812
    0.186423    -0.495895
    0.333113    -0.935992
   -0.422444   -0.0442269
    0.551535     0.139201
   -0.423241    -0.732977
   -0.340716    -0.380037
   -0.620498     0.560814
    0.968726      0.27381
   -0.992843    -0.588382
    0.654782     0.719375
   -0.337042      0.71826
   -0.623598      0.91756
   -0.127006     0.944117
    0.917274     0.575466
    0.837861     0.129261
    0.529743    0.0829643
    0.398151     0.143509
   -0.757714     0.305662
    0.371572       -0.736
   -0.232336     0.835434
    0.548547    -0.133772
    0.886103   -0.0382378
    0.832546     0.376799
    0.723834    -0.447313
   -0.592904    -0.910408
    0.587314     0.256382
   0.0960841     0.704783
   -0.405423     0.116574
    0.809865     0.778308
    0.819286    -0.204506
    0.747958     0.542762
 -0.00371218    -0.717587
    0.152399    -0.140497
   -0.674487    -0.501465
   -0.452178     0.421614
    0.729158     0.126526
  -0.0152023     0.118498
  -0.0726757   -0.0175725
    0.697884    -0.599664
  -0.0080452     0.530116
   -0.417893    -0.298198
   -0.639158    -0.881405
    0.368357     0.447676
    0.455101    -0.354081
   -0.721884     0.694061
    0.206218    -0.423063
  -0.0151566     0.728884
    0.676267     -0.16243
    0.448504     0.882599
   -0.643585     0.992883
   -0.556069    -0.326995
 -0.00294906    -0.251174
   -0.757482   -0.0453545
   -0.723523    -0.950196
   -0.279115     0.301513
   -0.350386    0.0442374
    0.863791     0.306185
    0.816969   0.00629616
    0.244191    -0.839189
    0.673656    0.0844932
    0.636255     0.801791
 -0.00785118     0.703573
   -0.330057     0.366906
   -0.211346    -0.338707
    0.317662    -0.797893
    0.217766     -0.21148
   -0.482188     0.787819
    -0.69754     0.320605
    -0.85491     0.770948
   -0.784303    -0.811845
    0.294415    -0.149279
   -0.272803     -0.52725
   -0.423461     -0.69325
   -0.337228    -0.701603
   -0.817703     0.118669
   -0.145345    -0.999189
    0.868989    -0.124666
    0.167141    -0.152447
   -0.469077    -0.161619
    0.317493    -0.242068
    0.523556    -0.159564
  -0.0251462     0.511386
   -0.685456     0.506758
    0.766073     0.795082
    0.251331      0.56119
   0.0354295    -0.191728
   -0.584313    -0.160681
    0.115121    -0.132625
   -0.147601     0.814568
    0.659878  0.000130057
   -0.211223     0.951868
   -0.511346     0.616358
   -0.347973    -0.296297
     0.45872     0.318774
    0.277308    -0.722349
    0.969689   -0.0941902
   -0.323514    -0.892705
     0.79512     -0.93453
   -0.727851    -0.773585
   -0.178424     0.878242
   -0.989183    -0.746375
    0.566564    0.0771358
    0.548772    -0.649008
   -0.412644    -0.439625
   -0.770664     0.375533
     0.73107     0.469662
    0.442012    -0.438814
   -0.901675    -0.749134
    -0.10179    -0.682785
    0.972934     0.399567
    0.415818   0.00879848
   -0.578234     0.157651
  -0.0522121   -0.0890465
    0.730362    -0.484443
   -0.812161   -0.0472674
   -0.800881    -0.527857
   -0.234208     0.323828
   -0.396474     0.792052
     0.31424     0.339518
    0.618191     0.138396
   -0.736596    -0.207818
   -0.896983     0.291386
   -0.893155    -0.245246
  -0.0845688     0.495884
    0.561737     -0.38984
    0.384153    0.0324059
    -0.11488    -0.598306
   -0.761777    -0.282545
    0.179273    0.0978761
     0.15727    -0.371891
   0.0597985    -0.404303
    0.190091     0.351501
   -0.276166     0.705244
   -0.391429   -0.0533106
    0.777447     0.911876
  -0.0468307    0.0807773
    -0.66036    -0.583649
    0.219458    -0.526938
   0.0514942     0.331644
    0.237851    -0.266434
    0.192392      0.87263
   -0.532688    -0.659558
    0.659617     0.891217
    -0.85982    -0.216417
   -0.802325    -0.144001
    0.847456    -0.156051
   -0.660701     0.255726
  -0.0365333    -0.820173
   -0.549018    -0.363999
    0.653539    -0.404756
   -0.418343     0.318223
   -0.285614     0.428182
    0.756555      0.88663
   -0.311498    -0.927022
    0.629817   -0.0759333
    0.318292     -0.50321
   -0.927345     0.105384
   -0.485062     0.325761
    0.556515     0.214245
    0.251928     -0.79674
    0.672207     0.953869
   -0.383687     0.809942
   -0.557981      0.55476
   -0.603959     0.659114
    0.224884    -0.243369
   -0.780535     0.466636
    0.349211    -0.260109
    0.564525     0.172982
    0.438924     0.939698
   -0.599295    -0.928465
   -0.197625     0.906548
   -0.368684     0.812328
   -0.131983    -0.588023
   -0.538008     0.797764
   -0.228504    -0.404089
   0.0656919     0.267976
   -0.690552    -0.358287
    0.110795     0.851637
   -0.970841     0.447803
   -0.239571     0.277714
   -0.235666    -0.553119
   -0.389184    -0.233973
    0.474815    -0.294103
    -0.47911    -0.666489
    0.299318    -0.160995
    0.104633     0.629964
    0.839182    -0.169699
    0.371973     0.944388
    0.619571   -0.0442758
    0.395696    -0.955454
   -0.376099    -0.852352
    0.291778   -0.0904063
    -0.98799     0.854488
   0.0659196     0.702408
    0.687819    -0.431292
    0.236894    -0.388881
    0.285385     0.169044
   0.0370297     0.308599
   -0.198582     0.784101
   -0.275691     0.108743
    0.437734     0.380134
    0.603793     0.690649
    0.355625   -0.0789292
   -0.694248     0.792111
   -0.934215     0.488414
   -0.872879     0.516982
    0.371444    0.0600868
   -0.624767    -0.869873
    0.237917     0.368619
    0.400602     -0.49211
    0.135662     0.407841
   -0.997749       0.8155
   -0.988582     0.273917
   -0.389522    -0.886262
   -0.476859    -0.850989
    0.310736    -0.887078
     0.71511     0.743702
   -0.637678   -0.0206882
   -0.317291     -0.94269
    0.334681    -0.300574
    0.758019    0.0238575
     0.30661    -0.795043
   -0.373541      0.60902
    0.770028    -0.121655
    -0.62747     0.907365
   -0.685722    -0.822273
  0.00692201     0.489464
