    0.452289     0.963275
    0.493271     0.772232
  -0.0586519     0.511334
   -0.576791     0.856198
    0.926184     0.496263
   -0.470895    -0.661635
   -0.468363      0.92425
    0.451542    0.0960962
    0.181299     0.378388
    -0.37288    -0.188428
   0.0952259     0.977013
    0.893623     0.247345
    0.587507    -0.193525
    0.381003    -0.493988
    -0.44776     0.447039
    0.585989    0.0731277
   -0.106711    -0.709756
    -0.34439 -0.000453234
    0.570692     0.169136
    0.353257     0.467936
    0.813015    -0.206432
   -0.441645    -0.913555
   -0.968602    -0.836435
    0.218359    -0.596203
    0.638748     0.625643
    0.277374     0.680867
   -0.275771     0.757287
   -0.239131     0.488744
     0.48226     0.977944
   0.0106776     0.710102
 3.71933e-05    -0.678037
  -0.0654517     0.941219
   -0.496052     0.482334
    0.941385     0.833297
    0.357757     0.797417
   -0.569868    -0.021403
    -0.52951    -0.828338
    0.889394     0.721668
    0.881674    -0.925307
    0.651789      0.55005
   -0.483486     -0.46676
  -0.0231001    -0.948294
    0.545412    -0.202605
   -0.895979     0.339715
   -0.642097    -0.442282
   -0.902348    -0.755566
     0.69001    -0.587158
    0.251193    -0.152037
   -0.246738     0.243981
    0.260702     0.581978
    -0.39555    -0.684101
   -0.433723    -0.962451
    0.819057     0.668423
   -0.364152    -0.520536
    0.784636    -0.558654
    0.457805     0.294066
    0.913222    -0.839669
   -0.491135    -0.801367
   -0.781326    -0.217189
    0.395482    -0.861724
    0.519543     0.908735
    0.218711     0.104774
    -0.66997    -0.920505
   -0.976509     0.391069
    0.160097   -0.0619292
    0.687787     0.876912
   -0.546377    -0.630334
    0.630587     0.109733
    0.577181      0.59858
   -0.664703    -0.555641
    0.282376    -0.340217
   -0.906305     -0.86818
    0.312197    -0.503934
   -0.172212     0.457178
   -0.802285     0.471534
      0.6701     0.053784
  -0.0745602     0.701612
    0.887725     0.884377
   -0.078707     0.901747
    0.678702   -0.0544072
    0.148427     0.466355
    0.525743    -0.782355
   -0.755022   -0.0168586
  -0.0325153     0.134778
   -0.838409     -0.30289
   -0.970386     0.424487
    -0.57471    -0.571156
   -0.925187    -0.142559
   -0.461521      0.62312
   -0.356036     0.211655
    0.470295  -0.00428361
   -0.941979     0.531855
    0.862676    -0.683572
    0.800325    0.0752114
   -0.918488   -0.0770754
   0.0227727     0.254499
    0.488112   -0.0478764
   -0.464865     0.292591
    -0.34664    -0.635768
   0.0652932    -0.449296
   -0.129568      0.73695
    0.935736    0.0240151
    0.158988    -0.317477
   -0.817372    -0.766984
   -0.236476    -0.518807
    0.356703    -0.845942
    0.852729       0.2868
    0.688964    -0.817195
    0.244428    -0.961565
   -0.225978     0.188547
    0.367666     0.128398
   -0.607144      0.50479
   -0.700236     0.406192
    0.612644     -0.88846
     0.36034    -0.360432
   -0.538645    -0.896698
    0.642258     0.536027
     0.78563    0.0684121
   -0.463833   -0.0392576
   -0.819264     0.159147
   -0.570405    -0.719933
   -0.993538     0.956459
   -0.761243    -0.308998
   -0.707729    -0.403505
    0.806787    0.0316702
   -0.679731     0.613926
    0.315043     0.850994
    0.294899     0.983794
   -0.144596   -0.0934827
    0.968403    -0.784774
   -0.639807    -0.465503
    0.725836    -0.356532
    0.904139     0.239241
     0.51918     0.217021
    0.908464    -0.123516
   -0.332336     0.720435
   -0.124117     0.371078
    0.761193    -0.836717
   -0.643372      0.90324
   -0.879689     0.409513
   -0.464785      0.35183
    0.724293    0.0316381
   -0.486833   -0.0856972
   -0.165021    -0.241978
    0.336937     0.143178
    0.873507     0.553871
    0.296334    -0.138676
  -0.0208053    -0.320796
    0.659137    -0.377717
    0.832501     0.822066
    0.159931     0.838351
   -0.911268   -0.0976505
    0.838963     0.778525
    0.398688    -0.470647
   -0.618997     0.498845
     0.64575    -0.189805
    0.718958    -0.856721
    0.696046     0.349839
  -0.0593504    -0.206011
   -0.425638    0.0497966
     0.66445     0.565065
    0.300842     0.328486
   -0.699802     0.693264
    0.568589    -0.195693
   -0.179977    -0.454493
   -0.791338    -0.430252
   -0.763747    -0.475259
    0.695906     0.916586
    0.969855    -0.266969
   -0.407119    -0.572019
    0.816217     0.326099
   -0.494931    -0.915139
   -0.682826      0.45962
   -0.670616    -0.759598
    0.340048    -0.157117
    0.654111    -0.397203
   -0.797109     0.794272
   -0.363618     0.704207
   -0.366694     0.282002
    0.862028    -0.583445
   -0.531117     0.526273
    0.793237     0.120353
    0.950761     0.318905
   -0.692154     0.304798
    0.191925     0.649706
   -0.668236    -0.182251
    0.953596    -0.885006
  -0.0891168     0.792985
    -0.97219    -0.832412
   -0.105755   -0.0910174
    0.485245    -0.157218
    0.692259     0.732653
   -0.804913    -0.762531
    0.785443    -0.463954
    0.260849     -0.46304
     0.01511    -0.217024
    0.994105     0.105794
    0.497101    0.0617014
   -0.288984    -0.300438
     0.96396     0.838825
   -0.910018     0.489683
   -0.472767    -0.974339
   -0.530971     0.923686
   -0.592844   -0.0506973
   -0.143383    -0.733938
    0.809077     -0.23343
   -0.938733       0.5521
   0.0595081    -0.939665
   -0.554541    -0.529223
   -0.305427    -0.165898
  -0.0784634     -0.52311
  -0.0856588      0.99705
    -0.51219     0.954455
   -0.127703     0.795794
    0.222187     0.301849
    0.679736     0.604161
    0.204061    -0.386456
    0.175782     0.416842
   -0.409381     0.397146
    0.231871    -0.218868
   -0.929972    -0.674175
   -0.924136    -0.760072
    -0.07587    -0.486215
   -0.734885    -0.436706
    0.861307    -0.224026
   -0.815021     0.050745
    0.280225      0.34627
    0.855412     0.881768
     0.68208    -0.887554
    0.991241    -0.954168
    0.819371     0.720592
    0.772062     0.602129
   -0.481526    -0.928507
     -0.7116     0.644279
   -0.820782    -0.448568
    0.375091    -0.662445
   -0.902523    -0.589151
   -0.759515    -0.896468
   -0.565401     -0.60211
   -0.457064    -0.118374
  -0.0649414   -0.0623657
    0.356136     -0.12522
    0.457277    -0.121324
    0.422869    -0.107911
   -0.771567    -0.329425
   -0.320536    -0.819476
    0.102604     -0.50375
    0.432494     0.284118
    0.855246     0.597367
    0.693223     0.893396
   -0.335636     -0.93475
    0.925274     0.923191
    0.769087    -0.866677
    0.588494    -0.420965
   -0.809611    -0.513515
    0.630394   -0.0907029
    0.773473      0.62978
    0.470614     0.832755
    0.485805    -0.208935
    0.455553     0.742226
    0.461855     0.878587
    0.305176    -0.488343
    0.227615     0.344356
    0.980329      0.95008
    0.593576    -0.844064
    0.406832     0.895788
     0.35542    -0.712365
    0.691053    -0.433216
    0.647318      0.99932
    0.790019    -0.314474
   -0.766011      0.44841
   -0.417624   -0.0630453
    0.146155     0.560306
    0.691266    -0.672914
   -0.994755     0.829044
    0.374588    -0.769119
    -0.62927     -0.49239
    0.107849    -0.674706
   -0.192919     0.514999
   -0.774024    -0.895023
   -0.198928    -0.781311
    0.471445     0.580249
    -0.84875    -0.971832
   -0.429841    -0.647987
   0.0599394    -0.840716
   -0.658361    -0.485347
   -0.799447      0.26131
   -0.166588     0.789064
    0.812253    -0.652592
    0.686358    -0.947626
   -0.711035     0.531291
    0.274108    -0.774005
 -0.00846565    -0.435969
    0.516579    -0.124353
    0.254437    -0.823925
   -0.414889    -0.280033
  -0.0765884    -0.228565
   -0.390143    -0.536289
   -0.723836     0.286752
   -0.429271    -0.229245
   -0.600124     0.149236
   -0.489847    -0.264838
    0.153106      0.70771
    0.546031    -0.290458
   -0.798581    0.0622475
    0.158351     0.536754
  -0.0793812    -0.059577
   -0.427851     0.569858
     -0.7338     0.862047
      0.7277    -0.544578
   -0.201875     0.674835
   0.0672727    -0.919263
    0.199145    -0.964329
  -0.0506257     0.703003
    0.637432    -0.567251
   -0.740915    -0.805045
    0.291013    -0.782344
    0.837985     0.694059
   0.0924969     0.984019
    0.103266    -0.434935
    0.524343     0.746434
    0.381462      0.51531
   -0.622626     -0.20894
   -0.484123    -0.689535
   -0.101959    -0.609044
    0.631811   -0.0328646
    0.100988    0.0304325
    0.821452     0.162391
   -0.758332     0.430846
    0.377152    -0.682816
   -0.607818     0.933146
   -0.358456    -0.419917
    0.887305    0.0523459
    0.545287     0.640856
   -0.812425     0.289625
   -0.911276    -0.885407
   -0.296361      0.17761
    0.108194    -0.769952
   -0.339128     0.684451
  -0.0301611    0.0396569
   -0.164106     -0.31453
    0.458997     0.359286
   -0.962888     0.120394
    -0.96496    -0.278859
   -0.591629     0.062289
    0.674544     0.553143
   -0.705876   -0.0839042
    0.699384     0.279945
    0.512528     0.247202
    0.386621   -0.0998851
    -0.19735      0.84501
   0.0368711  -0.00636399
   -0.231917    -0.584575
    0.180024     -0.36393
    0.552748     0.304101
    0.666123    -0.193619
   -0.188165     0.603205
   -0.346264    -0.665466
    0.487576     0.968772
   0.0535023    0.0340513
   -0.969112    -0.348282
    0.879757     0.901918
    0.695047     0.614134
    0.918193     0.704064
    0.425045     0.542774
    0.882622   -0.0962413
   -0.993084     0.818657
   -0.871317    -0.279616
   -0.009184     0.133807
   -0.332211     0.503108
   0.0985221     0.760041
     0.82671     0.819276
   -0.873214    -0.137606
    0.135634    -0.119566
     0.86175    -0.459583
   -0.464843     0.924683
   -0.189823    -0.566423
   -0.844126     0.456513
   -0.765459     0.204629
   -0.677294     0.680779
    0.542495    -0.643372
   0.0371914    0.0496384
    0.359577    -0.325585
   -0.689422    -0.227948
   -0.782785     0.685708
   -0.087675     0.978517
    0.976701     0.578434
   0.0290498     0.288914
    0.566061     -0.68695
    0.464277     0.547206
   -0.917448    -0.677035
    0.596949   -0.0352318
    0.344034     0.449124
    0.777599     0.937099
    0.515141    -0.331168
   -0.230922   -0.0081014
    0.660221    -0.159142
    0.522057    -0.512511
   -0.102238     0.712283
   -0.348964     0.974664
   -0.810154     0.990597
    0.996284     0.472323
   -0.522253      0.79394
   -0.683368    -0.147008
    0.131917    -0.647242
   -0.660504    -0.665643
   -0.148211    -0.222325
    0.942095    -0.213665
   -0.504629      0.79087
   0.0863297     0.982304
     -0.7352    -0.532886
   -0.962134    -0.852502
   -0.876479     0.031942
    0.624377      0.14153
   -0.651556   -0.0804496
   -0.659264     -0.28235
   -0.463298     0.120047
   -0.674855    -0.502016
    0.369786    -0.993436
   -0.897237     0.433097
    0.789422     -0.95481
    0.452338    -0.670471
    0.699712    -0.602135
    0.133456     0.494314
    0.229937    -0.733372
    0.214853    0.0666969
    0.902534    -0.513788
   -0.109843     0.107485
    -0.26309     0.554186
   -0.199704    -0.801505
    0.541194    0.0821493
  -0.0732437     0.544783
   -0.203421     0.670818
    -0.98106     -0.12391
    0.243388    -0.602225
    0.928497    -0.976424
   -0.641563     0.210447
   -0.904824      0.17545
    0.870592    -0.190089
   -0.146193   0.00131726
    0.181506     0.157754
   -0.864608     0.277026
   -0.108327     0.148815
    0.305027    -0.810304
    0.759769    -0.581444
    0.240117    -0.931634
    0.645764    -0.092654
   -0.703529     0.538602
    0.565262     -0.43365
   0.0155495   -0.0860901
   -0.600765   -0.0283009
    0.354683    -0.388461
   -0.532112     0.243439
   -0.901054     0.369564
   -0.511861    -0.894147
    0.697824     0.510067
      0.3138    -0.563739
   -0.609327    -0.407935
   -0.412018    -0.382448
    -0.94929     0.990447
    0.190969     -0.20944
   -0.870825     0.699701
  -0.0225338      0.53523
    0.987548    -0.538621
   -0.851885     -0.42421
   -0.779146     0.933005
    0.916045    -0.515045
   -0.493448     0.786237
   -0.683969     0.108455
    0.786636     0.294866
    0.360359    -0.212445
    0.497537    -0.733791
    0.922028    -0.428108
   -0.747968      0.93637
   -0.197436    -0.544096
    0.681798  -0.00955236
    0.492149    -0.995265
   -0.551673      0.36325
    0.978269     -0.47095
   0.0574107    -0.428915
    0.463877     -0.72284
   -0.622497     0.500749
   -0.587906     0.182624
    0.931765     0.520599
    -0.52355    -0.129687
  -0.0997668     0.288477
    0.629589    0.0306655
    0.790249     0.306574
    0.290906     0.880543
    -0.78243     0.648217
    0.840959     0.297021
   -0.518125    -0.328897
   -0.653254     0.347918
   -0.181575    -0.167749
   -0.530578     0.132482
   -0.505139     0.923708
   0.0392793    -0.234744
   -0.614533     0.617437
  0.00141311     0.709946
     0.35531     0.873712
