    0.657915    0.0764093
    0.351308     0.486326
     0.80834     0.273566
   -0.617777    -0.814848
   -0.210957     -0.13354
    0.412133   -0.0357851
    0.737848     0.106223
   0.0947942     -0.34143
    0.477919    -0.547372
    0.864969    -0.376795
   -0.533762     0.718657
    0.853152    -0.417245
    0.102886     0.991824
     0.86684    -0.773453
  -0.0111862     0.990597
    0.105137     0.807324
    0.878258     0.500465
    0.599291    -0.895665
    0.628277     0.956335
    0.188995     0.613386
    0.314402     0.848036
      0.9906   -0.0643535
    0.871704     0.670696
   -0.350917    -0.452538
    0.748619     0.959504
    0.178313     0.875653
    0.275542    -0.843518
    0.518647    -0.162151
    0.550843     0.783018
     0.58982    -0.665791
   -0.474431    -0.672686
    0.208758    -0.140573
  -0.0588716     0.820535
   -0.666091     0.600879
    0.590981    0.0445793
    0.730171    -0.313006
    0.746043    -0.434906
    0.328829    -0.849198
   -0.175035     0.345564
    0.223961    0.0177225
    0.193798    -0.225993
    0.291203    0.0642217
    0.077113     0.600478
   -0.703316    -0.234169
    0.158043     0.290769
   -0.934073     0.591075
    0.401821    -0.426845
   0.0363014    -0.208766
    0.665218      0.69541
   0.0300982    -0.470511
   -0.774704     -0.59538
    -0.02038     0.543446
   0.0206981     0.465136
   -0.903001    -0.924684
    0.628703    -0.909092
   -0.230683      0.42464
    0.275313     0.950968
  -0.0957552     -0.75261
   -0.712036    -0.737511
   -0.173844     0.733986
   -0.505935    -0.418401
   -0.186467    -0.410198
   -0.965087    -0.406587
    0.435194    -0.597866
    0.147442    -0.809318
    0.625894     0.637993
    0.165365    0.0891278
   -0.106515    -0.244224
  -0.0452772     0.788795
     0.99033    -0.565308
   -0.882554     0.773498
   -0.851479    -0.437198
    0.281533     0.498914
     0.19456     0.373976
   -0.554795     0.328632
   -0.560424    -0.210317
    0.260486   -0.0349491
    0.847025     0.901787
    0.475877     0.580917
  -0.0742955     -0.33954
   -0.122876    -0.568724
    0.701173     0.985537
    0.905324    -0.796094
    0.897822     0.896412
    0.798172    -0.939148
    0.534027    -0.705186
   -0.332862     0.321051
    0.073485    -0.988179
   -0.561728    -0.457796
  -0.0448976      0.58354
    0.899641     0.745807
  -0.0676628     0.123803
    0.768636    -0.826657
    0.934554     -0.66078
   -0.632469     0.525937
   -0.083922    -0.635976
    0.560448     0.977213
    0.532895    -0.384936
    0.809563       0.1198
   -0.484829     0.766008
    0.523225    0.0497568
    0.927009    -0.106702
   -0.336308     -0.67119
   -0.195242    -0.451329
    0.121569    -0.732726
    0.108896     0.657442
    0.244333     0.338354
   -0.617945     0.232325
  -0.0440782     0.559229
    -0.27979   -0.0807291
     0.30776     0.892786
    0.833045     0.990505
   -0.578617   -0.0951923
    0.213084    -0.903308
    0.730867     0.886917
   -0.780445     -0.03434
   -0.252888    -0.608494
   -0.601995     0.207969
     0.29304   -0.0225194
    0.185384   -0.0662892
    0.353108    -0.208491
    0.192681    -0.276713
   -0.882279    -0.942486
    0.121744   -0.0351483
    0.127235    0.0625077
   -0.514748     0.583451
   -0.962178     0.328876
   -0.312317    0.0397207
   -0.981853    -0.801485
    0.847385    -0.551324
    0.202853    -0.194272
    0.541372     0.248272
    0.774394     0.341975
    0.866545     0.134538
   -0.653871     0.796943
   -0.104037     0.609249
  -0.0245586     -0.20802
    0.590463     0.135297
    0.278018    -0.158426
    0.931363    -0.648791
   -0.689327    -0.945432
   -0.414222     -0.26564
    0.764408    -0.658286
   -0.267944   -0.0406248
    0.798863    -0.168948
    0.495275    -0.771369
  -0.0483887     0.925035
   -0.454026     0.222559
    0.893281       0.4366
   -0.755348   -0.0974841
    0.731358    -0.843731
    0.246389    -0.771891
    0.437333     0.625803
    0.849079    -0.786217
   -0.631868     0.192961
   -0.435432    -0.311689
   -0.665669     0.797234
   -0.594046    -0.478163
     0.25225     0.728032
   -0.647522     0.995749
   -0.746662   -0.0294869
   -0.544896     -0.46624
    0.893849     0.244021
   -0.972268    -0.687512
   -0.678351     0.668298
   -0.760021    0.0409636
  -0.0763044     0.921737
     0.29709    -0.539722
    0.830441     -0.82374
   -0.798286    -0.236689
    0.228453    -0.188512
   -0.858886    -0.769172
   -0.212508     0.497672
 -0.00713807     0.153202
    -0.12683     0.190203
   -0.413645    -0.671276
   -0.511863     0.381834
    0.824781     0.115238
    0.132329     0.551283
   -0.618582    -0.181566
   -0.930567    -0.982246
   -0.136313     0.707552
    0.627807    0.0465425
    0.506765     0.643557
   -0.287234     0.921335
     0.99594    -0.760497
   -0.928667    -0.668131
   0.0470967      0.71857
   -0.598106     -0.23866
    0.323583      -0.9401
    0.399574     0.714319
   -0.344768     0.731853
    0.778687    -0.406339
    0.293424   -0.0416603
   -0.317035    -0.955659
   -0.899664    -0.738041
    0.533402     0.999303
     0.60666     0.966078
    0.397426    -0.277763
    0.363843    -0.824436
    0.808374    -0.270611
   -0.374121     0.533725
    0.504957    -0.593608
   -0.404134    -0.772939
    0.618741    -0.313073
   -0.621873     0.596595
    0.182221    -0.444215
   -0.893121    -0.931239
   -0.797092    -0.288167
    -0.68545    -0.892933
   -0.511703    -0.112806
   -0.727659    -0.270413
    0.178237     0.814619
   -0.883895     0.933737
    0.779106    -0.626856
    0.891003     0.735955
   -0.887956     -0.82676
    0.850439    -0.294987
     -0.0619     0.454524
   -0.486062     -0.06542
    0.174022    -0.235087
   -0.662326     0.168843
     0.16917    -0.333567
  -0.0472907     0.358574
    0.631098    -0.872818
    0.852135    -0.289226
   0.0530452     0.620533
      0.1645    -0.873514
    0.458795    -0.323148
   -0.549529     -0.65723
   -0.471656     -0.69795
     0.26717     0.406241
   0.0763506     0.876495
   -0.966699    -0.291559
    0.863036     0.633302
   -0.304908    -0.436578
   -0.588572    -0.694964
   0.0452573    -0.810913
   -0.198029    -0.367817
   -0.385663    0.0168684
    0.359807    -0.703846
    0.290268     0.519377
   -0.113322     0.746455
   -0.461955    -0.889227
    0.406373     0.453114
   -0.334216      -0.8804
   -0.570952     0.846728
    0.518417     0.626354
   -0.483777    -0.175388
    0.367148     0.301252
   -0.967645    -0.439066
    0.690246     0.589526
    0.704822    -0.529905
    0.201525     0.227367
   -0.357045   -0.0519005
     0.33592    -0.402723
   0.0536604     0.938141
       0.696    -0.431368
   -0.499579    -0.276237
   -0.487544    -0.385007
   -0.853529    -0.088598
   0.0287644    0.0258124
    0.779625    -0.978766
    0.222822    -0.212103
   0.0620655     0.734254
    0.642662     0.654536
    0.917914     0.351319
    0.473494    -0.960711
   -0.312081     0.843623
   -0.280116     0.983501
   -0.912169    0.0561575
   -0.952274    -0.860223
   -0.989848     0.502878
  -0.0254917    -0.197387
   -0.414229     -0.74945
    0.416525   -0.0440083
    0.640292   -0.0777877
   0.0148191    -0.902722
  -0.0650582    -0.417655
   -0.843484     0.746825
   -0.618033      0.39853
  -0.0327033     0.143279
    0.846761     0.336351
   -0.913211     0.868624
   -0.831178    -0.629354
   -0.510283     -0.71555
     0.42271    -0.534099
    0.222482    -0.691213
   -0.814283    -0.146918
     0.92313     0.189664
    0.734938   -0.0762202
   -0.667812     0.764484
  -0.0481053    -0.784523
    0.514564   -0.0549859
     0.55501    -0.447619
    -0.98604      0.94973
    0.157225     -0.40045
    0.472924       0.9037
    0.487454     0.989019
    0.845144    -0.556826
   -0.807192     0.887201
    0.575285    0.0451766
     0.89287    -0.417049
   -0.797039     0.390079
   -0.450207     0.847789
   -0.521358    -0.166499
    0.619485    -0.653929
   -0.809914    -0.229998
    0.493461   -0.0692213
   -0.445573   -0.0715836
   -0.653399    -0.483174
    0.875428    -0.670692
    0.521724    -0.928305
   -0.806637     0.853177
    0.962217    -0.802067
    0.690546    -0.557659
   -0.316921    -0.862373
    0.384927    -0.336166
  -0.0869716    -0.248872
   -0.131204  -0.00929081
    0.308057     0.853498
   -0.352033     0.674908
    0.200984    -0.244807
   -0.740048    -0.931025
    -0.83747    -0.380078
   -0.244006     0.307574
   -0.726088    -0.981295
    0.319755     0.219472
   -0.771082     0.211274
    0.761366    -0.992276
    0.164899     0.662646
   -0.578274    0.0984751
    0.336651    0.0529006
   0.0577697    -0.754404
   -0.375313    -0.511446
    0.886444   -0.0993102
    0.536411    0.0790972
   -0.755827    -0.165374
    -0.92347     0.670691
   0.0298719    -0.990124
     -0.2014     0.763042
   -0.576869    -0.812482
  -0.0947003    -0.660816
   -0.679676     0.834737
   -0.383506    -0.959305
   -0.132483    -0.462883
    -0.98913    -0.722921
    0.299573    -0.821678
   -0.747556     0.200951
  -0.0761018    0.0282066
   -0.831631     0.169031
    0.560501     0.054449
    0.571865    -0.296886
    0.369354     0.924224
    0.820453     0.123424
    0.734395     0.323036
   -0.874652     0.231799
   -0.905635     0.142128
   0.0541499    -0.457492
   -0.645734    -0.556928
    0.855732     0.149853
   -0.780951    -0.794846
   -0.224008     0.541548
    0.192383    -0.797247
    0.276819    -0.549249
    0.400679    -0.969898
   0.0788268     0.103443
    -0.18677     0.529848
    0.644852    -0.135272
    0.155357    -0.225866
    0.843102     0.539724
   -0.556548     -0.37223
    0.578487   -0.0383478
   -0.251598     0.878908
   -0.236225    -0.537493
   -0.805019   0.00234699
    0.615919    -0.583975
   -0.225355    -0.260415
    0.494554     0.180669
    0.868362     0.616976
    0.698543     0.767792
    0.662924      -0.6503
    0.428863    -0.328575
    0.270408    -0.529094
   0.0322771    -0.726076
    0.249316     0.794848
  0.00480258     0.793943
    0.157625     0.505723
    0.343682   -0.0630233
   -0.941048    -0.663549
    0.511891     0.948795
    0.199413    -0.913171
   -0.721998    -0.458395
   -0.712117     0.490343
   -0.608204    -0.710418
    0.554821  -0.00764436
    0.688563     0.520445
    0.470623     0.393025
   -0.631949    -0.477797
    0.333414    -0.614827
   -0.374021    -0.832841
   -0.788847    -0.938073
    0.776866    0.0129422
   -0.795533     0.128812
  -0.0404457     0.940835
   -0.459359     0.475449
   -0.600552    -0.868841
   -0.424527     -0.64314
    0.315286    -0.784966
    0.894002     0.311828
   -0.556165     0.973835
   0.0138294     0.982826
    0.556925     0.661528
    0.872698     -0.35474
   -0.715763    -0.546267
   -0.410797     0.935452
    0.122015    -0.559892
     0.28904    -0.752325
    0.746828     0.441175
   -0.534304     0.377085
    0.347992    -0.415874
    0.258719      0.38997
    0.665109     0.463914
    0.625994     0.125731
    0.546602    -0.119687
   -0.943095     0.753496
    0.180814    -0.881913
    0.235164    -0.599242
    0.527528     0.146521
    0.548865     -0.35971
   -0.431421    -0.214069
   -0.846493     0.313681
    0.760017    -0.297783
   -0.654556     0.798873
   -0.642027    -0.557508
   -0.280428    -0.356948
   -0.113915     0.274322
   -0.242579    -0.426349
    0.295045 -8.85725e-05
   -0.798629     0.489357
   -0.348577     0.885478
     0.73888   -0.0262535
    0.215201     0.472183
   -0.791652     0.547006
    0.611578     0.619006
    0.499438     0.925916
   -0.202449     0.482458
   -0.266407    -0.940886
   -0.211523    -0.826409
   -0.455621   -0.0763676
    0.199289     0.436199
    -0.86353    -0.242283
    0.803097    -0.686397
   -0.135602   -0.0998873
    0.762463     0.883448
    0.349699     0.193916
  -0.0786967    -0.346391
  -0.0567224    -0.998465
   -0.415137     0.594674
   -0.551169      0.80013
   -0.507858    -0.358174
    0.153442    -0.619395
   -0.397662     0.113811
    -0.74784     0.344043
    0.498886    -0.820522
   -0.039689     0.556303
  -0.0282685     0.987095
   -0.615028     0.453801
    0.717732    -0.870046
   -0.733224   -0.0129938
   -0.413657   -0.0568428
   -0.630845    -0.984568
   -0.994344     0.960753
    0.801544     -0.58466
   -0.422497     0.562438
    0.617234     0.579759
    0.300981    -0.658744
    0.375054    0.0448955
   -0.649174     0.638873
   -0.910541    -0.485153
    0.919433     0.968528
    0.550115    0.0750718
   -0.774071     0.272564
     0.72253    -0.717869
   -0.585487     0.975184
    0.988392     0.156013
   0.0722291     0.476047
    0.335817    -0.371207
  -0.0683305     0.157548
    0.657093    0.0707208
    0.784648    -0.571077
    0.423812     0.799374
   -0.189465     0.451326
   -0.613015     0.542734
    0.675972     0.143416
   -0.690579     0.630804
    0.347296    0.0990372
   -0.352297     0.130511
   -0.305607     0.084605
   0.0650283     0.228991
